%YAML:1.0
---
K1: !!opencv-matrix
   rows: 3
   cols: 3
   dt: d
   data: [ 8.9381962947598640e+02, 0., 6.8934381989653536e+02, 0.,
       8.9250198510085215e+02, 3.7902893896811645e+02, 0., 0., 1. ]
K2: !!opencv-matrix
   rows: 3
   cols: 3
   dt: d
   data: [ 9.2177670024693703e+02, 0., 6.6408728460129760e+02, 0.,
       9.2159210570009668e+02, 3.5713139319284124e+02, 0., 0., 1. ]
D1: !!opencv-matrix
   rows: 1
   cols: 5
   dt: d
   data: [ -4.1338120418122692e-01, 2.3064905234347918e-01,
       -6.2419215385439491e-03, 4.1603174799556579e-03,
       -8.0225984760800687e-02 ]
D2: !!opencv-matrix
   rows: 1
   cols: 5
   dt: d
   data: [ -4.3676409822553680e-01, 2.3522596601321333e-01,
       -1.2915958567452767e-03, -1.2770749137218105e-03,
       -6.4126578230317657e-02 ]
R: !!opencv-matrix
   rows: 3
   cols: 3
   dt: d
   data: [ 9.9948310852390843e-01, 1.9316877049937168e-04,
       -3.2147759816372086e-02, 1.0018321751004255e-03,
       9.9930912849309450e-01, 3.7151878050307979e-02,
       3.2132726427708834e-02, -3.7164881221364424e-02,
       9.9879240059990637e-01 ]
T: [ -1.0890989451032348e+02, 4.2915235091098813e-01,
    5.1316430319601372e+00 ]
E: !!opencv-matrix
   rows: 3
   cols: 3
   dt: d
   data: [ 8.6487899870833166e-03, -5.1440471221532222e+00,
       2.3798393066838353e-01, 8.6285623749894249e+00,
       -4.0466320201323764e+00, 1.0861340415939374e+02,
       -5.3803996222609285e-01, -1.0883473466621820e+02,
       -4.0324108326177273e+00 ]
F: !!opencv-matrix
   rows: 3
   cols: 3
   dt: d
   data: [ 1.5312676891327075e-08, -9.1209778868790000e-06,
       3.8231701212656272e-03, 1.5279923867643741e-05,
       -7.1765738536670401e-06, 1.6410291440062097e-01,
       -6.3451933783450175e-03, -1.6926095672121061e-01, 1. ]
R1: !!opencv-matrix
   rows: 3
   cols: 3
   dt: d
   data: [ 9.9685143687688194e-01, -1.9911753032392080e-03,
       -7.9266941516673378e-02, 3.4629834362501079e-03,
       9.9982407100610782e-01, 1.8434608281536074e-02,
       7.9216289626668351e-02, -1.8651065859226150e-02,
       9.9668295721362599e-01 ]
R2: !!opencv-matrix
   rows: 3
   cols: 3
   dt: d
   data: [ 9.9888404283060162e-01, -3.9360375583468200e-03,
       -4.7065662501784400e-02, 3.0616968767982443e-03,
       9.9982167069054051e-01, -1.8634721082184644e-02,
       4.7130616276759997e-02, 1.8469824739707090e-02,
       9.9871796348291308e-01 ]
P1: !!opencv-matrix
   rows: 3
   cols: 4
   dt: d
   data: [ 9.0704704540047442e+02, 0., 7.4185226440429688e+02, 0., 0.,
       9.0704704540047442e+02, 3.6478063964843750e+02, 0., 0., 0., 1.,
       0. ]
P2: !!opencv-matrix
   rows: 3
   cols: 4
   dt: d
   data: [ 9.0704704540047442e+02, 0., 7.4185226440429688e+02,
       -9.8896762581699571e+04, 0., 9.0704704540047442e+02,
       3.6478063964843750e+02, 0., 0., 0., 1., 0. ]
Q: !!opencv-matrix
   rows: 4
   cols: 4
   dt: d
   data: [ 1., 0., 0., -7.4185226440429688e+02, 0., 1., 0.,
       -3.6478063964843750e+02, 0., 0., 0., 9.0704704540047442e+02, 0.,
       0., 9.1716555903551857e-03, 0. ]
