<?xml version="1.0"?>
<opencv_storage>
<calibration_time>"2023年11月15日 10時40分13秒"</calibration_time>
<nr_of_frames>40</nr_of_frames>
<image_width>1280</image_width>
<image_height>720</image_height>
<board_width>9</board_width>
<board_height>6</board_height>
<square_size>27.</square_size>
<fix_aspect_ratio>1.</fix_aspect_ratio>
<!-- flags: +fix_aspectRatio +fix_principal_point +zero_tangent_dist +fix_k4 +fix_k5 -->
<flags>6158</flags>
<fisheye_model>0</fisheye_model>
<camera_matrix type_id="opencv-matrix">
  <rows>3</rows>
  <cols>3</cols>
  <dt>d</dt>
  <data>
    9.6685391502252799e+02 0. 6.3950000000000000e+02 0.
    9.6685391502252799e+02 3.5950000000000000e+02 0. 0. 1.</data></camera_matrix>
<distortion_coefficients type_id="opencv-matrix">
  <rows>5</rows>
  <cols>1</cols>
  <dt>d</dt>
  <data>
    -4.1423856683787663e-01 1.6333685044619806e-01 0. 0.
    -2.1740868142589884e-02</data></distortion_coefficients>
<avg_reprojection_error>8.8723356522057406e-01</avg_reprojection_error>
<per_view_reprojection_errors type_id="opencv-matrix">
  <rows>40</rows>
  <cols>1</cols>
  <dt>f</dt>
  <data>
    1.10546625e+00 1.23114038e+00 8.28825891e-01 9.54198062e-01
    7.36567080e-01 8.55866253e-01 1.08674443e+00 1.05453420e+00
    9.64983284e-01 9.73167121e-01 7.82975495e-01 5.86282849e-01
    7.45061100e-01 9.54759538e-01 1.00793767e+00 1.07778764e+00
    1.10470510e+00 8.54968667e-01 1.18476224e+00 1.08972108e+00
    3.70928198e-01 3.94765735e-01 4.72509772e-01 4.54511523e-01
    4.40718144e-01 7.29081333e-01 1.44829094e+00 4.24584657e-01
    6.43297136e-01 6.73538804e-01 3.53789926e-01 4.38629299e-01
    3.80112380e-01 5.23062885e-01 1.04894841e+00 1.18172884e+00
    1.37557697e+00 8.88339937e-01 8.92850637e-01 1.12112951e+00</data></per_view_reprojection_errors>
<!-- a set of 6-tuples (rotation vector + translation vector) for each view -->
<extrinsic_parameters type_id="opencv-matrix">
  <rows>40</rows>
  <cols>6</cols>
  <dt>d</dt>
  <data>
    -1.0495108303878104e-02 -4.3867781076238177e-01
    -3.0631977912271533e+00 9.8029342915000214e+01
    2.7682630250217592e+01 2.9741817069266767e+02
    -1.6777940705349437e-01 4.5216718722933158e-01
    3.0242621759449868e+00 1.5773925767821569e+02 2.3159749859834477e+01
    3.3731233042141162e+02 2.6005521828338185e-01
    -6.0427304690510508e-01 -3.0306555686176773e+00
    2.3833212994602985e+02 7.5549802732740531e+01 3.6269995894456451e+02
    -3.1599912554654064e-01 5.9402042417063361e-01
    3.0734780931963805e+00 2.5121404365192032e+02
    -7.1082919081107327e+00 3.8003575693360693e+02
    -1.7091726794780306e-02 8.3264821530188526e-01
    2.9419889833606652e+00 2.4355205854783014e+02 4.8956439825003535e+01
    4.0904949576841858e+02 -4.0829005866784333e-02
    8.8213234438097554e-01 2.8697516590301460e+00 1.4038343824826927e+02
    -5.6721592271691081e+00 4.1037623920682194e+02
    6.6353694063187585e-02 1.0155154651349758e+00 2.8873105252673334e+00
    6.7534688400138876e+01 1.6736134204486966e+01 3.8285841577723215e+02
    6.2008735861550444e-02 -9.7986857816871664e-01
    -2.9882483244112592e+00 7.5625998262331517e+00
    -2.7241254058954055e+01 3.9579895628004033e+02
    -3.3560074739127851e-02 8.8687555882367752e-01
    2.9368988710916644e+00 -7.9543483285664749e+01
    -5.2011482620179571e+01 3.8691675142222857e+02
    2.0188939242534507e-01 6.5193803642572790e-01 2.9817447991093449e+00
    -5.5101803404875263e+01 1.0027719013865012e+01
    3.4261528323433680e+02 1.7666183364225338e-01 5.3998993872851742e-01
    2.9909315002052623e+00 -7.1634006373294895e+01
    8.9927634398667664e+01 3.8962721778563417e+02 4.2846695719560207e-02
    6.1828188970466297e-02 2.9973717971129985e+00 5.1562996241060951e+01
    1.2689615773568174e+02 4.1032143645410116e+02 1.3026805359830154e-02
    -9.9749044515999696e-02 -3.1104664327545422e+00
    1.9439645134203138e+02 1.0085832510108207e+02 3.9420717599541229e+02
    5.1154814559219782e-04 2.0986315340368566e-01 3.1223642179012288e+00
    2.5212229334751913e+02 1.1834660412829153e+02 3.8578002893270661e+02
    8.8322691772409656e-01 -2.2974221149101351e-01
    -2.8632651902863517e+00 1.5477698768902292e+02
    1.1375778043410952e+02 4.3496856369701953e+02 3.7162965611410553e-01
    -9.0216577759752403e-01 -2.7077293196988910e+00
    2.0928707814799591e+02 8.2727563080608988e+01 3.6054599696879444e+02
    -1.0170159867999880e-01 -1.3938496738129700e+00
    -2.7667086563874816e+00 2.0796673560836538e+02
    3.7623039957320721e+01 3.4059633510629106e+02
    -6.8704994344550713e-02 -7.4453493145919414e-01
    -3.0222467170857192e+00 1.0200327682572704e+02
    4.2908471911987228e+01 3.6833247300927877e+02
    -9.5240609195758485e-01 -1.0546328641664924e+00
    -2.6529907120713880e+00 1.3628656210695962e+02
    3.3825530078208956e+01 2.4730278974001305e+02
    -8.2327780141486306e-01 -1.0335636944955990e+00
    -2.6868776685741849e+00 1.4504026259656280e+02
    2.2204271781304641e+01 3.0581999958140187e+02 1.4993194475237204e-01
    2.3333266289987170e-01 3.1011296931585020e+00 1.1245164096714340e+02
    2.9893183854944557e+01 6.9333212266121518e+02 8.3998363153144254e-02
    3.5816558028487912e-02 2.8854603546317836e+00
    -1.6307804948525401e+02 -1.0353883637093956e+02
    6.5648475899708853e+02 -7.5132148136021065e-02
    5.8547993674738556e-02 2.9601353465059850e+00
    -1.5262551769966382e+02 -8.7944164427910181e+01
    6.4672446873168144e+02 9.4977546016363240e-02 1.1679283811505121e-01
    2.9592916576661317e+00 -6.2389550160895773e+01
    2.0770052443698668e+02 5.9218994865415789e+02 1.1876998207997011e-01
    1.1196319427977794e-01 2.9858220299652372e+00
    -1.4730098019729385e+02 1.4452910178595462e+02
    6.1373613495563063e+02 7.4386408820029851e-02
    -1.7373509714124791e-01 -3.1117840350145856e+00
    1.1152092830202302e+02 1.7643860716876250e+02 5.8497465741944859e+02
    -1.5366456554783603e-01 -7.2821561207391042e-02
    -3.0631057181626176e+00 4.3312506603525645e+02
    1.7923375592131791e+02 5.2300664250389957e+02
    -2.5914821119535007e-03 5.9566905555166069e-02
    3.0667862076365564e+00 3.5197272536307656e+02
    -2.5577274548781503e+01 5.4198264909459590e+02
    1.5856417265977465e-01 2.1096842647584346e-01 3.0431002294730831e+00
    2.2888106343205422e+02 -8.4597260820253286e+00
    5.6400325925217635e+02 2.8976103171430019e-02 1.3857675885799818e+00
    2.8039330477964617e+00 4.0096535646095234e+01 1.7245137280086030e+02
    6.3119579576868580e+02 3.5117859738765173e-01
    -3.1799832524967780e-01 3.0420197034777292e+00
    1.4565323142633360e+02 -2.5900156393646380e+01
    6.2412611007834539e+02 4.4366231291850237e-02
    -9.3573509919135756e-01 2.9380149546350802e+00
    1.0546884293155784e+02 2.0391111012604973e+01 6.8651455990817726e+02
    1.8513613980643018e-01 -4.8239402824539213e-01
    3.0137697765884734e+00 1.6757569854919370e+02 2.1195879112985489e+02
    6.9636079661449344e+02 4.6069719575358403e-01
    -2.0223789196752884e-01 2.9122865747744400e+00
    4.9158228411252889e+00 9.0713205720028682e+01 6.5266329958998870e+02
    2.7437250444528610e-01 8.1933099231196782e-01 2.8103749861354519e+00
    -8.6027512092949593e-02 -1.8222229525190841e+01
    3.7777160849558231e+02 -5.4875583455736365e-01
    7.8402467671549880e-01 2.9266880927138024e+00 1.1538157197882305e+02
    1.9493892218495059e+01 3.5274849065953390e+02 3.0778359561466160e-02
    6.6486316278339898e-04 3.0837944884754291e+00 7.3026202892993211e+01
    3.5928920916628606e+01 2.9175089270033550e+02
    -6.3132224654615599e-02 -9.3864655599688443e-02
    -3.1367163979862194e+00 2.4465116322390182e+02
    5.4161802673464074e+01 3.2530709401555816e+02 5.8387144634370491e-01
    6.4534242204904213e-01 2.8315780035225022e+00
    -2.3482037379897427e+01 -3.8358173261713567e+01
    3.8442451215307767e+02 -4.3034916783770666e-02
    1.4077335150419157e+00 2.8019634694039035e+00 9.9024522796066421e+01
