<?xml version="1.0"?>
<opencv_storage>
  <calibration_time>"2023年08月07日 10時32分18秒"</calibration_time>
  <nr_of_frames>40</nr_of_frames>
  <image_width>1280</image_width>
  <image_height>720</image_height>
  <board_width>9</board_width>
  <board_height>6</board_height>
  <square_size>27.</square_size>
  <fix_aspect_ratio>1.</fix_aspect_ratio>
  <!-- flags: +fix_aspectRatio +fix_principal_point +zero_tangent_dist +fix_k4 +fix_k5 -->
  <flags>6158</flags>
  <fisheye_model>0</fisheye_model>
  <camera_matrix type_id="opencv-matrix">
    <rows>3</rows>
    <cols>3</cols>
    <dt>d</dt>
    <data>
      9.4984152067704747e+02 0. 6.3950000000000000e+02 0.
      9.4984152067704747e+02 3.5950000000000000e+02 0. 0. 1.</data>
  </camera_matrix>
  <distortion_coefficients type_id="opencv-matrix">
    <rows>5</rows>
    <cols>1</cols>
    <dt>d</dt>
    <data>
      -3.5980214010821077e-01 9.4235206662185156e-02 0. 0.
      6.3884413992380221e-02</data>
  </distortion_coefficients>
  <avg_reprojection_error>1.9574220453009239e+00</avg_reprojection_error>
  <per_view_reprojection_errors type_id="opencv-matrix">
    <rows>40</rows>
    <cols>1</cols>
    <dt>f</dt>
    <data>
      1.43706322e+00 1.51909018e+00 1.71471941e+00 1.99663055e+00
      2.14149833e+00 1.79408097e+00 1.94693482e+00 1.92359960e+00
      3.42007136e+00 2.15301609e+00 2.43662763e+00 2.18660808e+00
      1.96147716e+00 1.81453311e+00 2.00207400e+00 2.23268795e+00
      2.33151770e+00 2.34198570e+00 2.11391711e+00 2.09610224e+00
      3.23832226e+00 2.72767282e+00 1.99629200e+00 1.90836132e+00
      2.01348138e+00 1.97501218e+00 2.39927435e+00 2.14934587e+00
      1.60297358e+00 8.78855526e-01 7.91073084e-01 1.21761334e+00
      8.87494624e-01 1.28736138e+00 8.36739361e-01 1.94554770e+00
      1.12379539e+00 9.77112174e-01 1.62777686e+00 1.60158849e+00</data>
  </per_view_reprojection_errors>
  <!-- a set of 6-tuples (rotation vector + translation vector) for each view -->
  <extrinsic_parameters type_id="opencv-matrix">
    <rows>40</rows>
    <cols>6</cols>
    <dt>d</dt>
    <data>
      -1.8328933229607092e-01 1.1354545719437700e-01
      5.0779573615464977e-03 -9.9906887626433445e+01
      -6.1935660223497180e+01 3.1488670011049919e+02
      -3.1840997999925680e-01 9.7670953844155375e-02
      -3.0651929608966826e-02 -9.0115193897909052e+01
      -5.6122326921374217e+01 3.3314572118580867e+02
      -4.8360018495338269e-01 1.2243412803666461e-01
      -2.1242769342931022e-02 -9.0921244943915255e+01
      -5.1758047983681664e+01 3.2199522682033233e+02
      -6.5509049943428233e-01 1.3554449205461383e-01
      -3.3931338916005298e-02 -9.1394804385517105e+01
      -4.5302564738683849e+01 3.3240164200307242e+02
      -6.6936540489944552e-01 8.1414176742679548e-02
      -4.0213804704397588e-02 -1.1038293688452104e+02
      -6.0758263225933845e+01 3.3659895748854473e+02
      -7.4533161821135097e-01 4.1413283304936871e-01
      -7.6525836447054851e-02 -8.7276322100096991e+01
      -1.5345735448670542e+01 3.9301247187373627e+02
      -7.0357862719154263e-01 6.3271462167271708e-01
      -8.9624019346199860e-02 -1.0217275893379784e+02
      -1.6710470880671657e+01 4.4750671489896752e+02
      -6.1062005924875851e-01 8.1568406868627319e-01
      -7.1128075936296262e-02 -9.3573723222199320e+01
      1.2809779037909237e+01 4.5894132539548269e+02
      -4.8057516406955947e-01 7.6434444764337073e-01
      -2.2502301376769413e-02 -1.1121633516523022e+02
      -5.2273954609549689e+00 4.3799801944540451e+02
      -2.5172983626949635e-01 8.0267321708309047e-01
      4.0348432056540179e-02 -1.1404603472030057e+02
      -4.3626272533767995e+01 4.0999314905133775e+02
      -2.3687749845737040e-02 6.6814774597037330e-01
      6.9251627179011593e-02 -1.3908777759221510e+02
      -5.3858799077065378e+01 3.8350583926650245e+02
      1.3541721782560973e-01 5.9761859953851626e-01 1.1560375580402597e-01
      -1.4838298830465169e+02 -7.6741729450370059e+01
      3.7351002682326305e+02 3.4057652492130813e-01 4.1635348813458306e-01
      7.6031256458439389e-02 -1.8371053603760666e+02
      -7.1927944597903192e+01 3.4569215053889678e+02
      5.2407555749423962e-01 2.2726378178147497e-01 1.2907409943169223e-02
      -1.9678857410053186e+02 -6.3332998179940112e+01
      3.1191787090200910e+02 5.5723456243167868e-01 1.7661177577613268e-01
      7.2253838150792504e-02 -1.5865537917778104e+02
      -5.9731637650275509e+01 2.9422990526092673e+02
      6.1971217130035972e-01 1.7491685439385576e-01 9.6678347321828187e-02
      -1.2220078213385587e+02 -5.3311357099546235e+01
      2.8050144679763252e+02 6.6147581789306520e-01 6.5520924313223691e-03
      1.2290105124990817e-01 -1.1663766504185428e+02
      -5.1315844917604721e+01 2.6901089643497107e+02
      7.2010596856770870e-01 -1.0231349856571641e-01
      2.1772163614395135e-01 -7.9062847593193396e+01
      -3.0582938326398068e+01 2.6161931889878673e+02
      6.3134110974718982e-01 -2.4154899027173898e-01
      3.9591156207313355e-01 -5.1569999674541783e+01
      -5.5468512358754175e+01 2.4842434012420955e+02
      5.2005567921605189e-01 -3.6841618775297053e-01
      4.7948517250177169e-01 -3.7217883265171004e+01
      -4.7949019843357284e+01 2.4256274650737339e+02
      2.5550260719351675e-01 -5.0217597634499589e-01
      3.1636628367749420e-01 -3.0862722304912868e+01
      -3.7841802909563974e+01 2.3445069800011188e+02
      1.1168615754478574e-01 -4.5180917717728031e-01
      1.7206650804430162e-01 2.1399961824782330e+00
      -6.9998183605924581e+01 2.2622424662574664e+02
      -3.4873259747141966e-01 -4.3644831296621728e-01
      3.1335097751035240e-01 -2.7061130702077772e+01
      -8.9871354929749202e+01 2.9305619507809803e+02
      -4.5068439308109665e-01 -4.2568620754262904e-01
      3.7549862910510196e-01 -1.8600092981383774e+01
      -9.9209084081693845e+01 3.1070242137214228e+02
      -6.6355000832273336e-01 -3.7861604134050919e-01
      2.8072732207871776e-01 -5.3333779259800266e+01
      -1.1010885030443430e+02 3.4553262834588242e+02
      -6.8006910757210970e-01 -3.4878461401626998e-01
      2.3291277338405592e-01 -8.7182337959110370e+01
      -1.1683018443696048e+02 3.4102025455230921e+02
      -7.2756997492534137e-01 -2.1169179389767770e-01
      1.0961892945562374e-01 -1.2278529727483127e+02
      -1.0112071018755805e+02 3.3562303119161732e+02
      -7.5048565009956314e-01 -1.1624346094727543e-01
      4.0229858785748723e-02 -1.4161425138643108e+02
      -9.2607144206249686e+01 3.3913373890674040e+02
      -4.8052296672404227e-01 8.5887820435810960e-02
      4.8547887740403861e-02 -9.6118580011811247e+01
      -5.3318757831055009e+01 3.7984498881917568e+02
      -2.4748712284858021e-01 1.6699278501068232e-01
      8.1837782289604366e-02 -7.5669269376150169e+01
      -4.7620741415722236e+01 4.0672699533614002e+02
      -1.4773903691219692e-01 7.2868950783753286e-02
      1.0874121081803746e-01 -1.0464774219170617e+02
      -2.4683353359776877e+01 4.5274732296721601e+02
      -4.1989331808594592e-02 9.8798526980486301e-02
      -8.0492806342181811e-02 -1.2128109335793347e+02
      -7.8280560858406545e+01 3.9908375149875695e+02
      -1.0639609296624829e-01 5.0367882637667075e-02
      6.5335939662834477e-02 -1.1236330942553236e+02
      -5.2246082736176689e+01 4.0742033965949918e+02
      -1.6170183154591861e-01 3.3357949861327435e-01
      3.0331105346338403e-02 -8.0161949801903887e+01
      -1.5818182232820782e+01 4.3471743358820106e+02
      -2.4152775401282359e-01 5.9175263452016280e-01
      -2.4886533553591481e-02 -5.3482545430908900e+01
      -1.3050186471492513e+01 4.6676254185968452e+02
      -3.2058645853554446e-01 6.0736469477178356e-01
      -6.8390514053161072e-02 -1.0377246792975556e+02
      -3.5713953221814435e+01 4.5023535848227885e+02
      -1.0353646664767419e-01 1.5591603344918478e-01
      -5.0416460150576456e-04 -2.3669027520724222e+02
      -4.7982129513144642e+01 3.9638144620266155e+02
