<?xml version="1.0"?>
<opencv_storage>
<calibration_time>"2024年03月21日 12時31分10秒"</calibration_time>
<nr_of_frames>40</nr_of_frames>
<image_width>1280</image_width>
<image_height>720</image_height>
<board_width>9</board_width>
<board_height>6</board_height>
<square_size>27.</square_size>
<fix_aspect_ratio>1.</fix_aspect_ratio>
<!-- flags: +fix_aspectRatio +fix_principal_point +zero_tangent_dist +fix_k4 +fix_k5 -->
<flags>6158</flags>
<fisheye_model>0</fisheye_model>
<camera_matrix type_id="opencv-matrix">
  <rows>3</rows>
  <cols>3</cols>
  <dt>d</dt>
  <data>
    9.5883163206827078e+02 0. 6.3950000000000000e+02 0.
    9.5883163206827078e+02 3.5950000000000000e+02 0. 0. 1.</data></camera_matrix>
<distortion_coefficients type_id="opencv-matrix">
  <rows>5</rows>
  <cols>1</cols>
  <dt>d</dt>
  <data>
    -4.5839818440112901e-01 2.2653059957688779e-01 0. 0.
    -4.2566406370864993e-02</data></distortion_coefficients>
<avg_reprojection_error>5.5056636214715249e-01</avg_reprojection_error>
<per_view_reprojection_errors type_id="opencv-matrix">
  <rows>40</rows>
  <cols>1</cols>
  <dt>f</dt>
  <data>
    6.45926952e-01 4.97841895e-01 5.44707358e-01 1.00477540e+00
    6.31182373e-01 4.60407317e-01 4.29055989e-01 5.07588983e-01
    4.25694823e-01 4.34482813e-01 4.05351520e-01 4.72731084e-01
    5.92492044e-01 5.78323662e-01 5.08774877e-01 4.38416511e-01
    4.96456951e-01 5.61181784e-01 4.36699063e-01 5.32960296e-01
    5.35226166e-01 4.59873617e-01 5.03307104e-01 4.79811221e-01
    3.80027324e-01 6.12323225e-01 7.18012631e-01 4.82024044e-01
    5.88468790e-01 6.41067386e-01 3.73162687e-01 3.95747662e-01
    4.58370566e-01 5.40889025e-01 5.10524631e-01 5.66002131e-01
    5.24241686e-01 9.73402977e-01 4.02074695e-01 6.33610129e-01</data></per_view_reprojection_errors>
<!-- a set of 6-tuples (rotation vector + translation vector) for each view -->
<extrinsic_parameters type_id="opencv-matrix">
  <rows>40</rows>
  <cols>6</cols>
  <dt>d</dt>
  <data>
    4.8102378040168439e-02 -6.2759030538836483e-02
    -6.0273078787966537e-04 -1.8396811503731331e+02
    -9.3056000445757874e+01 4.5422687568854184e+02
    5.2246099861791337e-02 -5.9207974347066893e-02
    3.0777389399609119e-02 -1.7720768268125653e+02
    -9.9489052967005932e+01 4.5538338346044941e+02
    6.6368589555143576e-02 -5.5855491545042782e-02
    2.9521428827851029e-03 -1.6135328425655675e+02
    -9.6534084607330456e+01 4.5856132203248023e+02
    6.9491418341195460e-02 -3.9497458515952058e-02
    -2.9155957715714550e-02 -1.3872573746132826e+02
    -9.5593236079545335e+01 4.5803621532514393e+02
    1.0382224072198348e-01 -1.0467102088541479e-02
    -1.3782305026007530e-01 -7.6885626337679867e+01
    -9.2327102439107506e+01 4.4911411318498057e+02
    9.6811189892682059e-02 1.6191037992744239e-02
    -1.7659926601729187e-01 -4.4486033900934892e+01
    -9.3062916988318690e+01 4.4926573448125697e+02
    1.0597659276478595e-01 6.0011967120001682e-02
    -2.4325739845589206e-01 1.0598319855505606e+01
    -1.1197622644373844e+02 4.2699770211633665e+02
    1.0214210052689932e-01 5.3111418016815438e-02
    -2.9042284383318218e-01 2.1788829110784064e+01
    -1.1117942533065768e+02 4.2261692721043192e+02
    -3.0667459414005765e-01 -4.0593688770617233e-02
    -1.1903905597682578e-01 -6.2154949167455698e+01
    -2.8486268209948776e+01 4.9773785513239244e+02
    -3.0611694024395447e-01 -2.8193883470199549e-02
    -1.1554574163121342e-01 -6.3791911876820826e+01
    -2.3761417759177345e+01 5.0162080157645755e+02
    -1.3917930542452500e-01 9.3346813580933413e-02
    -1.9947346516029099e-01 4.1415983748270762e+00
    -1.0202240824750830e+02 4.9578349183059936e+02
    -1.2394014472345480e-01 8.0855349527896275e-02
    -2.1992009379600158e-01 7.2292030507118299e-01
    -1.0608213219705696e+02 4.9355252945272156e+02
    -2.4872831635300863e-01 3.8154870761564125e-02
    -1.9615385063915439e-01 -2.3272202275599241e+01
    -5.5256948527752172e+01 5.0614712650204945e+02
    -2.2169667881343644e-01 2.6660932572618399e-02
    -1.4620115585384666e-01 -4.6462322668538597e+01
    -5.0642847630021613e+01 5.0392368637863069e+02
    -1.3529841661432171e-01 6.5394584317776019e-02
    -1.0873320004658837e-01 -9.6295201688614156e+01
    -1.0232436625489346e+02 5.0724685408145899e+02
    -9.9221233846207388e-02 6.5655446729062483e-02
    -2.2805458855773769e-01 -7.4093720789362152e+01
    -1.4713394834755951e+02 5.0557985575578829e+02
    -1.3535457777608217e-01 -7.2742003083151527e-03
    -7.2276756173220727e-02 -1.9543271533265695e+02
    -1.2532465935488347e+02 5.0803188325515498e+02
    -1.2639783497748416e-01 -2.2452243674957781e-02
    -5.5552769123719592e-02 -2.1329484157939163e+02
    -1.2777643288942284e+02 5.0694618017406776e+02
    -1.2278766610296998e-01 4.1426785312274087e-03
    1.2909065987028802e-02 -2.5226215328834678e+02
    -1.2374049530405416e+02 5.0616938191154014e+02
    -1.1344444886589969e-01 -1.3297741286603666e-02
    3.2610054191043868e-02 -2.6073180784196381e+02
    -1.2782779211923693e+02 5.0450525840752323e+02
    -1.5425702971612337e-01 -1.9752300679127154e-02
    -7.6909410283230575e-02 -2.7461898390888751e+02
    -1.5893688672529410e+02 4.8446600197052129e+02
    -9.1449686391933724e-02 2.1723837406628362e-02
    5.9156037284027213e-02 -2.2269567007895938e+02
    -1.9694839905909194e+00 4.6589468721555903e+02
    -9.4829815936668505e-02 2.3931793977187234e-02
    6.5659932748181257e-02 -2.2525601063037291e+02
    6.6967439227333969e-01 4.6383024229871387e+02
    -9.7772207653497853e-02 1.6732745410661210e-02
    6.9375186325888599e-02 -2.1983565038596205e+02
    2.3845065618644399e+00 4.6240388687374929e+02
    -1.1612844861770175e-01 -3.1730463973586011e-02
    -4.0880988080493973e-02 -6.4170299864109325e+01
    3.7642079255930859e+01 4.4631859929084538e+02
    -4.4051058485664984e-02 -3.1024349785644400e-02
    -7.7419692219041020e-02 -3.0234884475432146e+01
    1.7685702858210284e+01 4.5552832686240043e+02
    -2.0616117344402735e-02 -2.9569519091843001e-02
    -7.8642378171596222e-02 -2.7563098303602843e+01
    7.9367291530935802e+00 4.5768266440619885e+02 5.6246034722757077e-02
    -2.1288240581556983e-02 -1.0235460928365089e-01
    -1.7816491787547449e+01 -1.8086889681624299e+01
    4.6496040283061274e+02 9.7430702841684272e-02
    -9.9957898814834176e-02 -1.7880909940350526e-01
    -3.4940201563023699e+01 -5.0969390194054554e+01
    4.7097247073645502e+02 6.9961733089992595e-02
    -1.3052908255333822e-02 -1.1431953698090089e-01
    -8.0995110652723355e+01 -5.4151490081870726e+01
    4.8063948513894758e+02 7.6947757220705626e-02
    -3.7250541489298031e-02 -1.1229443190840931e-01
    -9.7133486715383057e+01 -5.9943480014709920e+01
    4.8135995781899106e+02 9.2813695887338316e-02
    -1.1167883015215105e-01 -1.2491318512525684e-01
    -5.7246460582198360e+01 -4.4005086288174056e+01
    4.7538595048235180e+02 4.0495339980563733e-02
    -9.9463801542752570e-02 -1.7751059757288723e-01
    -1.7148530492995135e+01 -3.3568134962128156e+01
    4.6100473981047071e+02 7.7537545074688893e-02
    -9.8882012464546989e-02 -2.2926185603049581e-01
    2.2200840273727307e+00 -5.6543930614316913e+01
    4.7001976754180271e+02 5.4523134909840620e-02
    -3.7833509242159447e-02 -2.6540062988355684e-01
    4.4903764160627098e+01 -6.7625082670877887e+01
    4.6842392223711050e+02 5.6664873943837929e-02
    -3.7174704228767660e-02 -2.6117678356826141e-01
    4.1350585565044277e+01 -6.6674223240684100e+01
    4.7062041161127831e+02 2.0617445715245316e-02
    -4.1266120110512047e-02 -2.0433231476825456e-01
    2.0923577654684915e+00 -5.7898829067155283e+01
    4.7623305959903581e+02 1.5019516453317358e-02
    -1.1274047327415833e-02 -1.5150742012717597e-01
    -4.5610861986090164e+01 -5.6264241165198925e+01
    4.7065267695622236e+02 5.0768062886366865e-02
    -9.3971039366158200e-03 4.6934063422439103e-02
    -2.6797486231700765e+02 -4.8858287849822233e+01
    4.6842410467578082e+02 3.5062705423935810e-02
