<?xml version="1.0"?>
<opencv_storage>
<calibration_time>"2024年03月21日 12時37分30秒"</calibration_time>
<nr_of_frames>40</nr_of_frames>
<image_width>1280</image_width>
<image_height>720</image_height>
<board_width>9</board_width>
<board_height>6</board_height>
<square_size>27.</square_size>
<fix_aspect_ratio>1.</fix_aspect_ratio>
<!-- flags: +fix_aspectRatio +fix_principal_point +zero_tangent_dist +fix_k4 +fix_k5 -->
<flags>6158</flags>
<fisheye_model>0</fisheye_model>
<camera_matrix type_id="opencv-matrix">
  <rows>3</rows>
  <cols>3</cols>
  <dt>d</dt>
  <data>
    1.0027448785124914e+03 0. 6.3950000000000000e+02 0.
    1.0027448785124914e+03 3.5950000000000000e+02 0. 0. 1.</data></camera_matrix>
<distortion_coefficients type_id="opencv-matrix">
  <rows>5</rows>
  <cols>1</cols>
  <dt>d</dt>
  <data>
    -4.8562977558334769e-01 2.2733960831100927e-01 0. 0.
    -4.0455787864907063e-02</data></distortion_coefficients>
<avg_reprojection_error>5.0497528242834799e-01</avg_reprojection_error>
<per_view_reprojection_errors type_id="opencv-matrix">
  <rows>40</rows>
  <cols>1</cols>
  <dt>f</dt>
  <data>
    7.57104337e-01 4.15084541e-01 3.76081556e-01 6.55020833e-01
    5.22259116e-01 5.24309933e-01 4.06310260e-01 4.05565500e-01
    4.47887897e-01 4.33888286e-01 4.13012832e-01 3.95140707e-01
    5.95146596e-01 4.46613401e-01 4.32455719e-01 4.35491502e-01
    5.95521688e-01 4.80053723e-01 5.50930083e-01 8.62810731e-01
    4.78753865e-01 5.66142082e-01 3.80243450e-01 4.39565510e-01
    4.13931966e-01 4.53901649e-01 4.01639581e-01 5.62829018e-01
    4.76123720e-01 3.83674353e-01 3.91861647e-01 3.63271952e-01
    6.43267870e-01 6.34739161e-01 3.91882122e-01 3.99916202e-01
    3.58816892e-01 8.68126094e-01 4.25635010e-01 3.62840176e-01</data></per_view_reprojection_errors>
<!-- a set of 6-tuples (rotation vector + translation vector) for each view -->
<extrinsic_parameters type_id="opencv-matrix">
  <rows>40</rows>
  <cols>6</cols>
  <dt>d</dt>
  <data>
    1.7671607698616185e-01 5.3788935999832133e-03
    -3.5655847300364904e-02 -1.4697521162965290e+02
    -4.9524575751424003e+01 4.8872239958899121e+02
    1.7096918547760512e-01 2.0831130636038285e-03
    -3.8485830935858209e-02 -1.5362600082982129e+02
    -4.6360114402617619e+01 5.0428496289729679e+02
    8.3634489494862824e-02 -1.3112529542826714e-02
    -5.8955198100803283e-02 -1.5392100944078553e+02
    -6.9322565124298698e+00 4.8871502574206727e+02
    1.4725635297725559e-01 -2.9190202776931632e-02
    -4.0749308140787671e-02 -1.8734838003023299e+02
    -2.6648934959612546e+01 4.8639621795765260e+02
    1.6602287445977335e-01 -5.4116939165620229e-02
    -2.0135306478779876e-02 -2.6234325633974692e+02
    -3.9240073965470664e+01 4.7380107376590774e+02
    1.7464906372245448e-01 -7.9285340199157575e-02
    -2.0362363334987515e-02 -3.1230894569150240e+02
    -3.9142729251546491e+01 4.6834348388928635e+02
    1.7462048330943211e-01 -1.0578951220998119e-01
    -8.3660145065945022e-03 -3.5335467479138816e+02
    -5.0961482042310848e+01 4.6809895851156614e+02
    1.6680815834936513e-01 -1.3201625099650355e-01
    -1.1315754943797796e-02 -3.5513611038367048e+02
    -9.0894699633797718e+00 4.7270989663694968e+02
    1.6131184338367777e-01 -1.2623555503838924e-01
    -2.3566863984528473e-02 -3.5159179534446008e+02
    -5.9167086356004379e+00 4.6857585200191437e+02
    1.6671157508199161e-01 -1.3271171117458047e-01
    -2.9705846435617581e-02 -3.4428881800544951e+02
    3.2800290654795717e+01 4.7582195893684150e+02 1.6018958892712754e-01
    -1.3665349080309350e-01 -3.2790901664385488e-02
    -3.4467897961230278e+02 4.0582999047082609e+01
    4.7487877807970898e+02 1.5689864362974820e-01
    -1.3933995608088248e-01 -3.4629328199081759e-02
    -3.4370821805331889e+02 4.0028987136152175e+01
    4.7435371526583214e+02 1.7070241471328473e-01
    -4.1510779042212724e-02 -1.7477043457288326e-02
    -2.8655867830919186e+02 -1.3359037369128575e+02
    4.8066925295781311e+02 7.3048925886605998e-02
    -1.5312492198403267e-02 -2.4527864036481752e-02
    -2.6625341767711745e+02 -1.4866000245875733e+02
    4.9305353210929172e+02 8.2544297105415582e-02
    -2.6501774981815114e-02 -6.4420742992467523e-03
    -2.7868199503584464e+02 -1.5933219953606184e+02
    4.9280436224090494e+02 9.7374402077352332e-02
    -2.5864545673535355e-02 2.1956854932886852e-02
    -2.9773506748723310e+02 -1.6204793778088998e+02
    4.9134634080824037e+02 9.7918349196187637e-02
    -7.4133723681913382e-03 -2.9053103771233154e-02
    -2.3673237240334927e+02 -1.5837187977077684e+02
    4.9848642906991432e+02 1.1023302331934727e-01
    -6.8814387633859388e-03 -1.8530629908378313e-02
    -1.8303271956170158e+02 -1.5945842731829552e+02
    4.9876538915651514e+02 9.8264829647136467e-02
    -4.1281822457278818e-03 -2.0332739743193256e-02
    -1.7330284120241191e+02 -1.5759626466860706e+02
    5.0004636795666187e+02 -3.2676984523229251e-02
    -5.6955111151087472e-02 -3.9682070853357891e-02
    -1.5541681629095879e+02 -1.0203107166136741e+02
    5.1373428495787789e+02 6.2332337874440237e-02 4.1324667096516478e-03
    -1.1413326130455999e-01 -4.4633901381469983e+01
    -1.3819297951283426e+02 5.1762176303776175e+02
    6.5734423963814098e-02 1.1878286561212426e-02
    -1.1949425427625097e-01 -3.8997681018049974e+01
    -1.3867622142419378e+02 5.1941389260581502e+02
    8.2701742625635039e-02 1.4001195602481128e-02
    -1.5176931286978257e-01 -1.9395081495659593e+01
    -1.3938903917848663e+02 5.1534849440312121e+02
    8.3483278164773508e-02 2.8347358346349095e-02
    -2.2083307102118613e-01 1.1929344633763586e+01
    -1.4734178295910883e+02 5.1781810040369510e+02
    1.3625764848318769e-01 3.0481168273260854e-02
    -3.1164184656788066e-02 1.4828332593762477e+01
    -1.5902090475186725e+02 5.2412037864696140e+02
    1.5289530376480817e-01 3.0055979306119417e-03
    -2.5716137526666540e-02 1.7508374681589849e+01
    -1.4919202556380358e+02 5.1763186117493137e+02
    2.1517060364753585e-01 1.3491262046947783e-02
    -7.1686093677921572e-02 4.6494026533415891e+01
    -1.4904617129884423e+02 5.0576354799244365e+02
    1.0195248274239889e-01 6.3949364966582670e-02 2.1184529032282691e-02
    -9.7461657271704893e-01 -1.8495279235566403e+02
    5.1097558302742829e+02 1.1176835858657690e-01 7.5259758003748553e-02
    1.1605390743217666e-02 3.5310522143156513e+00
    -1.9029322770706810e+02 5.0476601550032802e+02
    1.4075581662101050e-01 2.2724574453651419e-02
    -4.8310212884114606e-02 -8.5433792095661687e+01
    -3.4472952197335353e+01 4.9862447531765514e+02
    1.3160843450043094e-01 9.7207285432744268e-03
    -5.9387322725590809e-02 -8.6998442741766652e+01
    -3.4291988684356838e+01 5.0017960970121567e+02
    1.5247278252180940e-01 1.4726671553054982e-02
    -6.7555966539191728e-02 -9.0145126005958090e+01
    -4.3959613306441895e+01 5.0433324045395420e+02
    1.4804236073736682e-01 3.0868945152155072e-02
    -4.6973271365903978e-02 -1.0449745529880548e+02
    -3.9622143557202143e+01 5.0502033855866006e+02
    1.3985508205016753e-01 3.3128262172931119e-02
    -1.0055787586689079e-03 -1.3157111639866204e+02
    -4.0890725281769285e+01 5.0387373103312876e+02
    1.7118343528625099e-01 -6.1345534279322857e-02
    -8.3829089587516045e-02 -8.6844837597177289e+01
    -6.0972316527161169e+01 4.9866316640864028e+02
    1.9489977261036148e-01 -6.7333976134731299e-02
    -1.4004181447575151e-01 -6.7998844300960400e+01
    -7.6734947215996257e+01 5.0341301547284041e+02
    2.1559083498130710e-01 -6.8854410006199254e-02
    -2.7984596229723918e-01 -7.0615809404112113e+01
    -1.0357058778592129e+02 5.0249940816287165e+02
    2.4484518745375328e-01 -5.3597522699050354e-02
    -2.2682342367085359e-01 -6.8774497062451502e+01
    -1.0437301264838982e+02 5.0500594165743331e+02
    1.5622393290952197e-01 -4.9709637352820794e-02
    1.8589170978147024e-01 -6.7546899024411019e+01
    -1.0398842292996018e+02 5.0767185253195640e+02
    1.7232260998643978e-01 -4.8417275139297070e-02
