<?xml version="1.0"?>
<opencv_storage>
<calibration_time>"2023年11月02日 10時50分03秒"</calibration_time>
<nr_of_frames>40</nr_of_frames>
<image_width>1280</image_width>
<image_height>720</image_height>
<board_width>9</board_width>
<board_height>6</board_height>
<square_size>27.</square_size>
<fix_aspect_ratio>1.</fix_aspect_ratio>
<!-- flags: +fix_aspectRatio +fix_principal_point +zero_tangent_dist +fix_k4 +fix_k5 -->
<flags>6158</flags>
<fisheye_model>0</fisheye_model>
<camera_matrix type_id="opencv-matrix">
  <rows>3</rows>
  <cols>3</cols>
  <dt>d</dt>
  <data>
    9.6258209137430629e+02 0. 6.3950000000000000e+02 0.
    9.6258209137430629e+02 3.5950000000000000e+02 0. 0. 1.</data></camera_matrix>
<distortion_coefficients type_id="opencv-matrix">
  <rows>5</rows>
  <cols>1</cols>
  <dt>d</dt>
  <data>
    -3.9113110658707911e-01 1.9257971015054220e-01 0. 0.
    -6.1586643302225408e-02</data></distortion_coefficients>
<avg_reprojection_error>1.3767986439087734e+00</avg_reprojection_error>
<per_view_reprojection_errors type_id="opencv-matrix">
  <rows>40</rows>
  <cols>1</cols>
  <dt>f</dt>
  <data>
    5.85663438e-01 1.50221848e+00 1.61016190e+00 1.75395238e+00
    1.22719014e+00 1.16672564e+00 1.38131583e+00 1.42619586e+00
    1.45503092e+00 1.42078269e+00 1.52552402e+00 2.24440598e+00
    1.39041626e+00 1.07228291e+00 2.42519808e+00 1.74668205e+00
    1.93014383e+00 2.32264400e+00 1.20676148e+00 1.25073779e+00
    1.42922711e+00 1.95640433e+00 1.08746243e+00 1.43820858e+00
    1.05478847e+00 1.04894412e+00 1.18166041e+00 1.42908680e+00
    2.06991506e+00 1.04881692e+00 6.23452365e-01 5.34035444e-01
    6.40433431e-01 5.30164778e-01 6.96914613e-01 6.76927567e-01
    4.43436503e-01 4.02568340e-01 1.39992404e+00 5.51043034e-01</data></per_view_reprojection_errors>
<!-- a set of 6-tuples (rotation vector + translation vector) for each view -->
<extrinsic_parameters type_id="opencv-matrix">
  <rows>40</rows>
  <cols>6</cols>
  <dt>d</dt>
  <data>
    -1.4538760753705776e-01 1.3200296768412242e-01
    1.7803682931483860e-02 -5.0837034037649637e+01
    -5.7237382234448759e+01 4.8916533113566015e+02
    -5.9965520198514466e-01 2.2601695301585338e-02
    3.5012726724123109e-03 -7.9036595899806500e+01
    1.0679294375847022e+01 4.0605598736384968e+02
    -5.7284896604001800e-01 7.4824766579594013e-02
    -1.7065545828359511e-02 -7.3380794134266026e+01
    -3.7781200225312645e+01 3.9786700170276993e+02
    -4.0329278487366083e-01 6.3832185034367758e-02
    -1.0005711578391784e-01 -1.7997820253140765e+02
    -1.0710166243952614e+02 3.7278313727903577e+02
    -3.1474726691847904e-01 -5.6029946752321688e-02
    -4.5033047981863451e-02 -2.1845072506726132e+02
    -9.9060020921492765e+01 3.7813727320810193e+02
    -3.0790130644100477e-01 -2.7575976243382219e-02
    -5.4244887715471174e-02 -2.1930255027101055e+02
    -1.0079651986010856e+02 3.8624944527701956e+02
    -3.6301155033253768e-01 -2.3799047211382540e-01
    1.0546616381675885e-02 -7.1940372794798776e+01
    -7.6923576964895332e+01 3.8987733951144423e+02
    -3.3064340172911527e-01 -2.1604833479222582e-01
    5.9638256880386827e-02 -2.8990801390873997e+01
    -9.5253237810487207e+01 3.8634070637722209e+02
    -3.2819727187469810e-01 -1.9835475874433070e-01
    8.0451027995297908e-02 -5.1759821535038517e+00
    -9.6059799888037631e+01 3.8659246854606818e+02
    -3.0827598750379315e-01 -1.0578622820950849e-01
    -4.6021540193943037e-03 1.1284907603499247e+01
    -1.0267552612979991e+02 3.8821319920756281e+02
    -2.7520067619563904e-01 -5.4744447308550208e-02
    -3.3496419776072935e-02 3.6940284938127732e+01
    -1.1807428967963665e+02 3.8413136182858960e+02
    -2.5298323424974922e-01 1.3215179116659136e-02
    -1.5865635456787677e-01 -3.6588127895650224e+01
    -9.6547653277245658e+01 3.8986382382330703e+02
    -2.5315761467535686e-01 3.7851469252347524e-02
    -1.4774909255477531e-01 -2.3497408799529512e+02
    -8.1253884658510884e+01 3.8484962417119146e+02
    -2.1301638279699478e-01 1.2472774123205230e-01
    -1.8237255449139178e-01 -3.0005285792097834e+02
    -6.7492388788504670e+01 3.9929518440407071e+02
    -5.0172007792022288e-01 -4.5430933752936740e-02
    -1.4013974272246080e-02 -1.8550593980709561e+02
    -9.9138307027940584e+01 3.7331153221526802e+02
    -7.2917741217222276e-01 -6.3794703804964450e-02
    -2.5146722622277920e-02 -1.7533652439445439e+02
    -7.0169567024332011e+01 4.0459281378605812e+02
    -8.1650919994248339e-01 -1.0517485157261382e-01
    6.9129478884950885e-02 -8.2222710572095963e+01
    -8.0278022805613574e+01 3.9989850995651568e+02
    -3.0300649493285259e-01 -5.8089878136633515e-02
    3.5770385217091666e-02 -7.5421248654840724e+01
    -3.8039234096597795e+01 3.5320417652382679e+02
    2.5101607949318083e-01 6.1751209437510342e-02 8.0166011146847779e-02
    2.3238450551045382e+01 -2.3666599069832458e+01
    3.1951807486182554e+02 4.3374074781160171e-01 1.9615445571354284e-01
    -5.7107106909254912e-02 -3.1796328189207088e+01
    -2.7749183357447873e+01 3.2519724050702860e+02
    4.3198126445847690e-01 2.1056553567676090e-01
    -1.4818130404807206e-01 -9.5660720154767645e+01
    -1.6885112625868910e+01 3.3670117713975424e+02
    4.0246553033095239e-01 3.7296250685280263e-01
    -2.8571832227875826e-01 -1.4917261866859619e+02
    1.3027980787639959e+00 3.8169815185456770e+02 4.6876132457208552e-01
    2.6315627997955792e-02 -3.0633469129332093e-03
    -2.4698074906660486e+02 -9.8552493885816332e+01
    3.4975568526174089e+02 4.9938296271010574e-01 6.7233204900691235e-02
    1.6410903327392209e-01 -1.0449659281524646e+02
    -1.1753770860368392e+02 3.1029717624075840e+02
    3.8920170383187391e-01 1.4247802702443002e-01 3.5599558063069851e-02
    -3.9832217884452618e+01 -5.2105365152349826e+01
    3.5794745404382468e+02 4.0914924141167186e-01 1.9994218080274750e-01
    2.0092780155357138e-02 -3.8954826349472853e+01
    -6.8469133206764752e+01 3.3141277239544945e+02
    4.3802621369152139e-01 2.0051373431036254e-01 2.8208773863665177e-02
    -4.5491863092005943e+01 -7.8532115059308239e+01
    2.9978798389572313e+02 4.4786696533263454e-01 2.3736579120057411e-01
    3.5249471730905590e-02 -4.0131471853014560e+01
    -8.3537256160714875e+01 2.9263237418196866e+02
    3.1047330644143056e-01 2.7571298739413552e-01
    -9.0957243135488933e-02 -1.1633451229587827e+02
    -5.5328619937712432e+01 3.4542897233619345e+02
    2.1556532019162983e-01 1.8047557314304427e-01
    -2.0923925792489601e-02 -1.4690408390320241e+02
    -7.3499268957977350e+01 3.1816886051302259e+02
    -5.2278066182878072e-02 1.6273130005092654e-01
    -6.2332759140963090e-03 -7.7818054197671998e+01
    5.1653124841492520e+01 6.6038283758499676e+02
    -2.2681545192228908e-01 7.1421878338064085e-02
    -4.8895890848103599e-02 -1.4127492070292192e+02
    -1.2154385350196775e+02 7.9270826986012219e+02
    -2.1158171788062011e-01 7.3784638649418595e-03
    -8.9550278891317087e-02 -2.6228624513961159e+02
    -1.8173632031364539e+02 7.5420052679379626e+02
    -1.7996440988254930e-01 2.7309914099318326e-02
    -2.1229782741354769e-01 -3.5303537272437842e+02
    -1.5192413054378949e+02 7.6756987651780264e+02
    -1.0121820348748573e-01 1.2215687491201640e-02
    -1.5867446784429445e-01 -4.2527729908570603e+02
    -2.3702360273717821e+02 7.0292177978438735e+02
    -1.9686912840299189e-01 -1.0489069888421858e-01
    7.2948145774298437e-02 -1.0467881342354138e+02
    -1.4047120554889091e+02 7.3007469434698316e+02
    -1.2121646023768760e-01 8.4543934802297743e-02
    7.8136088640271342e-03 9.6829922647258986e+00
    -6.5549974203661876e+01 6.9453392726682841e+02
    -1.2977688332735871e-01 8.8110362691081467e-02
    9.0942805850041705e-02 2.7020082330501072e+01 8.5368312765727727e-01
    6.7520392672669732e+02 -1.6879191599108093e-01
    1.0907737209039528e-01 1.8803024064552318e-01 1.0275712137153357e+02
    -4.9321535648025829e+01 6.6214018796933817e+02
    -1.1295761612054174e-01 6.6025540950872097e-02
