<?xml version="1.0"?>
<opencv_storage>
<calibration_time>"2024年03月21日 12時26分00秒"</calibration_time>
<nr_of_frames>40</nr_of_frames>
<image_width>1280</image_width>
<image_height>720</image_height>
<board_width>9</board_width>
<board_height>6</board_height>
<square_size>27.</square_size>
<fix_aspect_ratio>1.</fix_aspect_ratio>
<!-- flags: +fix_aspectRatio +fix_principal_point +zero_tangent_dist +fix_k4 +fix_k5 -->
<flags>6158</flags>
<fisheye_model>0</fisheye_model>
<camera_matrix type_id="opencv-matrix">
  <rows>3</rows>
  <cols>3</cols>
  <dt>d</dt>
  <data>
    8.9156577235010798e+02 0. 6.3950000000000000e+02 0.
    8.9156577235010798e+02 3.5950000000000000e+02 0. 0. 1.</data></camera_matrix>
<distortion_coefficients type_id="opencv-matrix">
  <rows>5</rows>
  <cols>1</cols>
  <dt>d</dt>
  <data>
    -4.1226602464266987e-01 2.6770750113348257e-01 0. 0.
    -1.0578875410129339e-01</data></distortion_coefficients>
<avg_reprojection_error>1.0419078379304567e+00</avg_reprojection_error>
<per_view_reprojection_errors type_id="opencv-matrix">
  <rows>40</rows>
  <cols>1</cols>
  <dt>f</dt>
  <data>
    8.47294331e-01 8.21183562e-01 1.09049487e+00 1.06446874e+00
    1.13003075e+00 8.36740792e-01 8.55631113e-01 9.80549514e-01
    7.62739420e-01 7.20571101e-01 8.07955205e-01 1.47936249e+00
    8.13500643e-01 8.18908155e-01 8.22144568e-01 9.75233436e-01
    8.52405488e-01 2.32207894e+00 8.60138535e-01 8.84659529e-01
    9.78976905e-01 8.81697536e-01 8.41064990e-01 9.43108857e-01
    8.33466768e-01 7.88596928e-01 7.01628149e-01 8.73419404e-01
    8.24864388e-01 1.04062533e+00 1.02318597e+00 1.06262994e+00
    1.26384282e+00 1.23745894e+00 1.19946480e+00 1.20000768e+00
    1.21423090e+00 1.14380050e+00 7.08603680e-01 1.53592110e+00</data></per_view_reprojection_errors>
<!-- a set of 6-tuples (rotation vector + translation vector) for each view -->
<extrinsic_parameters type_id="opencv-matrix">
  <rows>40</rows>
  <cols>6</cols>
  <dt>d</dt>
  <data>
    1.3688295870097145e-01 5.3100166508455011e-02 3.5303672551336471e-02
    -1.0373241830592671e+02 -5.4342734747685135e+01
    3.5100281127979144e+02 1.4944614458788735e-01 5.3782907116166449e-02
    5.1958475298266908e-02 -1.0524497173250867e+02
    -5.1096054668211146e+01 3.5192474631239861e+02
    9.8794410172440422e-02 6.1634182068574905e-02 1.8708157682146137e-01
    -1.8905990875190693e+02 -4.3433646722230918e+01
    3.4729060583946580e+02 8.9561718023285303e-02 6.3052706359692429e-02
    1.8266549100607637e-01 -1.8424105239175486e+02
    -3.3972618951721408e+01 3.4899916614421585e+02
    8.4304814725497598e-02 6.3344799585718495e-02 1.7981497209683217e-01
    -1.8460802477455647e+02 -3.2089065869141265e+01
    3.4911344233868425e+02 2.5646697431951060e-01 6.3244538152667631e-02
    9.3919710524545494e-02 -1.6219683771103115e+02
    -6.2390858841895678e+01 3.5045278938389464e+02
    2.8163352304330191e-01 6.5832394916569045e-02 1.3730099581242959e-02
    -1.6860131694618417e+02 -1.0278322237618555e+02
    3.5596581897830617e+02 3.4554389125932333e-01 3.1674510567476076e-02
    5.4857273538567154e-02 -1.8682889209619421e+02
    -1.2849548759804523e+02 3.4738897453649378e+02
    1.2387297289162040e-01 -8.0990711339117574e-02
    1.4475208495176647e-01 -8.9258873787227060e+01
    -7.6004530043615645e+01 3.7474352175134840e+02
    1.1838313246522174e-01 -8.2990600266362388e-02
    1.3306313415106605e-01 -8.5994586676499878e+01
    -7.3473786939406224e+01 3.7494984635905041e+02
    1.2758635606580082e-01 -8.9905677881569182e-02
    1.2742129114171238e-01 -8.2589258440935794e+01
    -7.3782587802065933e+01 3.7463255240800919e+02
    1.0262769015063865e-01 -8.4677150167049256e-02
    1.9929239274418772e-01 -3.7872472757159855e+01
    -7.0343946255678361e+01 3.3790421158794675e+02
    1.2540155419613364e-01 -1.0222687028525330e-01
    1.3099078593671457e-01 8.6541458524505686e+00
    -4.9092704182895183e+01 3.3392845020949005e+02
    1.1979150560154718e-01 -9.6492788123781578e-02
    1.2905624887920319e-01 9.5477708628682052e+00
    -4.7568333489271382e+01 3.3227729060048659e+02
    1.1214339903181479e-01 -9.4317013855013995e-02
    1.3504443272081287e-01 5.5882705153221979e+00
    -4.8626091399068379e+01 3.2954382464395400e+02
    1.0377954466262249e-01 -6.1418742402110343e-02
    1.3565993709963947e-01 1.5812751714642417e+01
    -3.3843541077558037e+01 3.2749840036817375e+02
    1.4913256056501206e-02 -6.0673357745099372e-03
    1.0361676518110761e-01 1.1111360849279626e+01
    -1.8623318462925400e+01 3.6229122792445423e+02
    3.3449466215776803e-02 -1.7528891538911844e-02
    1.0946077779841701e-01 -2.5982016102228279e+01
    -6.4990192944336258e+01 3.5413828524495517e+02
    3.6333478173506649e-02 -1.8211226243303579e-02
    2.2123221548590928e-02 -2.7306857983387172e+01
    -1.0400330994731475e+02 3.6576727986546484e+02
    2.3553407507640248e-02 -3.8448665687985432e-03
    2.3929055567887436e-02 -2.0648914604701943e+01
    -9.8496933440181962e+01 3.6674858033550822e+02
    2.4037803916251134e-02 1.8381573334925419e-03 1.8351406734098109e-02
    -1.4257449966970080e+01 -9.5765817882622969e+01
    3.6704354346992864e+02 1.3167599502060621e-02
    -8.5944187420120195e-04 1.0498623422909863e-03
    -1.3624085353056186e+00 -9.4727087325504883e+01
    3.6811870157011828e+02 1.1024507907476843e-02
    -9.0592530041208631e-03 -1.0996911402242633e-02
    2.9760462623721828e+00 -9.2671719857081612e+01
    3.7010615545395842e+02 4.7401861176908982e-03
    -6.1401336329430026e-03 -9.7525108362214955e-03
    4.4328641044501138e+00 -9.1631731731051474e+01
    3.7029382659267105e+02 -1.0340993206338932e-02
    -1.0347132651695111e-02 1.7794500873644915e-02
    -1.5087798507072598e+01 -8.7214064581227248e+01
    3.7058884985546905e+02 -1.3540535105204912e-05
    9.0245597097986085e-03 6.2736114894316061e-02
    -4.6355441230101384e+01 -8.9101273996398305e+01
    3.7302895359550075e+02 -2.2736370199722099e-03
    2.2438023024475149e-02 9.7922804585055659e-02
    -6.7363030106943228e+01 -8.7681264671213000e+01
    3.7300252116944199e+02 1.5863842944343853e-02 2.8363833646623180e-02
    1.2011711716933884e-01 -8.2988867774537198e+01
    -9.7877556939570127e+01 3.6428479531050368e+02
    1.3292329396312632e-02 2.7048832048586893e-02 1.6124753520158636e-01
    -9.5899813133746250e+01 -1.0134127091831209e+02
    3.5322018993055343e+02 1.0686361249742109e-02 2.6824082312741325e-02
    2.0966750786925717e-01 -1.1424809197148799e+02
    -1.0456590862868121e+02 3.4808985730802442e+02
    7.9438793717634681e-03 2.3762155273011763e-02 2.4691800615024728e-01
    -1.3125659942330395e+02 -1.0918647276568132e+02
    3.4843357603531649e+02 -1.3960134063948728e-03
    3.2089339859481723e-02 2.9103205099788026e-01
    -1.4808724223103184e+02 -1.1081176858423794e+02
    3.5035804418182460e+02 -1.5052010191057761e-03
    4.1296779212873766e-02 3.2377717202934819e-01
    -1.6121285877153127e+02 -1.1276800428648681e+02
    3.5215453214902686e+02 -2.4681263171519243e-03
    5.3560747143661082e-02 3.4827094948585063e-01
    -1.6720377230113476e+02 -1.1547778115303882e+02
    3.5397193143597423e+02 -1.8171734741082548e-02
    3.4032992375323604e-02 3.1650849332513625e-01
    -1.6549548585499761e+02 -1.1079171716288282e+02
    3.5853546948117281e+02 -2.5458624777578969e-02
    1.5226434112525304e-02 2.1965416002419569e-01
    -1.5480602452051366e+02 -1.1474612194026034e+02
    3.6405625124626545e+02 -4.1110575403344313e-02
    4.5230747409545011e-03 1.3415063064334376e-01
    -1.4470614156450389e+02 -1.2478163630467145e+02
    3.7044343110856062e+02 -1.7354628135541852e-02
    -8.3933490220305107e-03 9.5434986212906303e-02
    -1.3734441296879646e+02 -1.3654926388951083e+02
    3.7474721831362689e+02 -1.3060848508833836e-01
    -3.5264575037744363e-02 8.4842398912755940e-02
    -1.3177287938048684e+02 -7.9601371219091916e+01
    3.8960864478205337e+02 -5.0203889230503028e-02
    -1.2663009720793197e-02 8.2452720870336574e-02
