<?xml version="1.0"?>
<opencv_storage>
<calibration_time>"2024年01月23日 09時36分28秒"</calibration_time>
<nr_of_frames>40</nr_of_frames>
<image_width>1280</image_width>
<image_height>720</image_height>
<board_width>9</board_width>
<board_height>6</board_height>
<square_size>27.</square_size>
<fix_aspect_ratio>1.</fix_aspect_ratio>
<!-- flags: +fix_aspectRatio +fix_principal_point +zero_tangent_dist +fix_k4 +fix_k5 -->
<flags>6158</flags>
<fisheye_model>0</fisheye_model>
<camera_matrix type_id="opencv-matrix">
  <rows>3</rows>
  <cols>3</cols>
  <dt>d</dt>
  <data>
    9.4577504946637566e+02 0. 6.3950000000000000e+02 0.
    9.4577504946637566e+02 3.5950000000000000e+02 0. 0. 1.</data></camera_matrix>
<distortion_coefficients type_id="opencv-matrix">
  <rows>5</rows>
  <cols>1</cols>
  <dt>d</dt>
  <data>
    -4.3482556396130728e-01 2.3944765706293464e-01 0. 0.
    -8.9007169177120093e-02</data></distortion_coefficients>
<avg_reprojection_error>1.3253151344728415e+00</avg_reprojection_error>
<per_view_reprojection_errors type_id="opencv-matrix">
  <rows>40</rows>
  <cols>1</cols>
  <dt>f</dt>
  <data>
    1.24844253e+00 1.83678246e+00 1.70091534e+00 6.03489041e-01
    7.24134982e-01 6.83834910e-01 7.75313616e-01 6.67543471e-01
    6.88198566e-01 8.02092493e-01 5.41475892e-01 8.69099259e-01
    5.82201421e-01 7.89252758e-01 9.28525031e-01 8.98649395e-01
    1.00918615e+00 9.65907991e-01 6.21636200e+00 8.86726201e-01
    8.78444910e-01 1.17911589e+00 9.87146735e-01 7.36464202e-01
    1.42623508e+00 1.12165701e+00 5.73931575e-01 5.43047309e-01
    6.82721674e-01 8.61478865e-01 6.57218218e-01 6.49536371e-01
    6.26059294e-01 6.96653068e-01 6.26431108e-01 5.91793954e-01
    7.42378056e-01 7.19218612e-01 5.80388844e-01 1.08137870e+00</data></per_view_reprojection_errors>
<!-- a set of 6-tuples (rotation vector + translation vector) for each view -->
<extrinsic_parameters type_id="opencv-matrix">
  <rows>40</rows>
  <cols>6</cols>
  <dt>d</dt>
  <data>
    -6.9367561652560611e-02 -4.0033075649121824e-01
    -3.0339686724152233e+00 1.1193785978843488e+02
    1.2201948697272701e+02 3.5791106569712798e+02 3.0022940030546352e-02
    3.2732146655500427e-01 3.0660292218553549e+00 7.0530864429503197e+01
    2.9092011484261164e+01 3.9417056375460993e+02 1.2303733699153498e-01
    3.4466993756701153e-01 3.0291759559041473e+00
    -2.1274149471663492e+01 7.3465103717214205e+01
    3.9704449719353289e+02 1.4938368699802429e-01 3.2118919087491682e-01
    3.0525982755123811e+00 -4.3930294662338845e+01
    1.2951972407515160e+02 3.7834010527483667e+02
    -5.9367587354577395e-02 -2.5300488877705568e-01
    -3.0476445406285273e+00 7.0539456803883581e+01
    1.0185720135156033e+02 3.8845137319351073e+02
    -2.0960626151009643e-01 -3.4688034591635858e-01
    -3.0633658153780501e+00 2.0725166651553138e+02
    1.1663832281826213e+02 3.6073198504849955e+02
    -2.0061315016033149e-01 -3.4416037820600043e-01
    -3.0217368055681475e+00 2.3513093163011189e+02
    1.0082407775449303e+02 3.6099605761432753e+02
    -1.9306360508746176e-01 -3.3144738833683740e-01
    -3.0103156892875726e+00 2.3599685255308083e+02
    5.5984586500108577e+01 3.6494562332595660e+02
    -1.9555624033040575e-01 -3.2930979074367372e-01
    -2.9810450126250863e+00 2.4859499603336400e+02
    4.0810985906731638e+01 3.6311674660646997e+02 2.9511877199063502e-01
    3.5267121734721385e-01 3.0927051547000075e+00 1.6439982385464899e+02
    -7.0618659601218168e+00 3.7080474754491314e+02
    1.0083791380622302e-01 2.6886025783804163e-01 3.0040529191016523e+00
    -2.5184506714430377e+01 -2.0488304636332071e+01
    3.8564146292657955e+02 -4.0456882922390067e-02
    2.2914445909329736e-01 3.0130720913030982e+00
    -4.7763652839489176e+01 -2.2228844750526832e+01
    3.9548772246226218e+02 -3.3453042115233499e-02
    2.3389583283973345e-01 3.0104715892380889e+00
    -1.1679935202093098e+01 7.1290414736576054e+01
    4.0163035352795731e+02 -1.6702399911060797e-01
    2.7953145826114278e-01 3.0923893698426217e+00 2.8906859780105613e+01
    9.2458964795064034e+01 4.0557475123195667e+02
    -1.2529723308745350e-01 2.8050485991579649e-01
    3.1066165503170406e+00 9.2116305829110871e+01 6.9272951797463989e+01
    3.1445234959954342e+02 -2.3120929015128747e-03
    -3.1773793817112478e-01 -3.0239393266006700e+00
    1.8838882097108885e+02 9.2688956412513349e+01 2.9379172667005457e+02
    -1.3632784150555554e-02 -3.0244064909644880e-01
    -3.0109212135895818e+00 1.9146689369174649e+02
    9.0582746194712627e+01 2.9023746844779305e+02 2.3472470054127677e-02
    -2.7624789323474952e-01 -3.0015275195148456e+00
    1.9133527933317706e+02 5.3111249960971605e+01 2.9258344701808869e+02
    5.5200098841514211e-01 -1.0530185071344027e-01
    -2.9913497029724314e+00 1.0605161212568693e+02
    6.6606810956288967e+01 3.5053833920909085e+02
    -3.3000928887931208e-01 -4.2498544583740067e-01
    -2.9776324074783980e+00 8.9124487475530245e+01
    1.0535692465187869e+02 2.5971746123770828e+02
    -1.2388611643631002e-01 -1.8157699550323594e-01
    -3.0525376691108645e+00 1.4998763406644409e+01
    3.2564434870161641e+01 3.1447753910545384e+02 1.8541650887387767e-01
    -4.1079255702054790e-01 -3.1088199146748123e+00
    1.9979042472192774e+01 6.8767685382098520e+01 3.6619801606414842e+02
    -1.2152154085639009e+00 -2.0721594882676753e-01
    -2.8195020097965648e+00 1.8619907999296464e+02
    -5.3624084502165870e+00 2.8297310655366596e+02
    6.6242717188724576e-01 -4.5121410197117268e-01
    -2.9083239758255721e+00 1.2917191214948608e+02
    8.5472308797268909e+01 3.8890894988090099e+02 2.6429717522648938e-01
    4.0065860133021669e-01 -3.0456734072428464e+00
    6.9709613886787437e+01 2.7761473081785528e+01 4.0276636165106908e+02
    5.1082506431886991e-02 -4.0904704153246468e-01
    3.1122841925786386e+00 3.8832511596652999e+01 4.0116434283006432e+00
    3.8478925408211342e+02 1.0103697761781869e-01
    -2.9305822268980836e-01 3.0320931799109210e+00
    -5.2964733058421814e+01 -7.2513625924215779e+00
    3.9799403287031009e+02 -1.8700138222902085e-01
    -4.4163437428556954e-02 -3.1279341495040649e+00
    -3.0977546720843524e+01 1.5137950612331321e+02
    3.9623443472466721e+02 -5.1066218886256211e-02
    -2.2706536282325013e-02 -3.1212860766521984e+00
    9.0135895324193541e+01 9.5957690801798734e+01 3.8060611300215430e+02
    1.5699532503472458e-01 -4.7055830056358550e-02
    -3.0608986538462206e+00 1.3725314586401603e+02
    1.1912638279396704e+02 3.7643150034674079e+02 4.5059175438469423e-01
    1.0175968747758578e-01 -2.9683086802704746e+00
    1.4210487308051952e+02 8.7272049036163324e+01 4.1668141841620201e+02
    4.5876900109201435e-01 1.1112779219244423e-01
    -2.8998380053842578e+00 1.7856589361134505e+02
    9.8012431794587883e+01 4.1972266473687267e+02 3.9464305678922201e-01
    1.1825336814665524e-01 -2.9566086382971641e+00
    2.5168443921476182e+02 8.3957701294715903e+01 4.1304275216678275e+02
    -1.4693335097354404e-01 -2.7301371734902308e-01
    -3.0885839416334804e+00 -4.9937650316270030e+01
    8.6798185917119525e+01 3.6259619949500160e+02 2.0190425513534432e-01
    2.6404833279941192e-01 3.0838639290855747e+00
    -8.8578822205992338e+01 7.7247612964934802e+01
    3.5539942213245570e+02 1.6817311662923332e-01
    -7.1921690671892879e-01 -3.0570747948375012e+00
    4.0327442481134696e+01 5.0060181485608069e+01 3.9409714270968993e+02
    -5.9206300692786173e-01 6.2487128086594312e-01
    2.9680729132220627e+00 5.1303796981495132e+01 2.4550915286847253e+01
    3.8829638183575304e+02 6.5226628164867151e-01
    -5.0216836436271772e-01 -2.9077588156181076e+00
    1.8273834646204128e+02 5.8293727842411506e+01 3.9875364737063342e+02
    -4.9478983843155855e-01 -1.0236811982137499e+00
    -2.7276895796188239e+00 -1.4797402516165608e+00
    7.4707049351938494e+01 3.4434379332529630e+02
    -7.6675071041822904e-02 -7.7743781335130768e-01
    -2.8799743377537648e+00 3.3173401070180702e+01
