<?xml version="1.0"?>
<opencv_storage>
<calibration_time>"2023年11月15日 10時43分58秒"</calibration_time>
<nr_of_frames>40</nr_of_frames>
<image_width>1280</image_width>
<image_height>720</image_height>
<board_width>9</board_width>
<board_height>6</board_height>
<square_size>27.</square_size>
<fix_aspect_ratio>1.</fix_aspect_ratio>
<!-- flags: +fix_aspectRatio +fix_principal_point +zero_tangent_dist +fix_k4 +fix_k5 -->
<flags>6158</flags>
<fisheye_model>0</fisheye_model>
<camera_matrix type_id="opencv-matrix">
  <rows>3</rows>
  <cols>3</cols>
  <dt>d</dt>
  <data>
    9.6854710818521392e+02 0. 6.3950000000000000e+02 0.
    9.6854710818521392e+02 3.5950000000000000e+02 0. 0. 1.</data></camera_matrix>
<distortion_coefficients type_id="opencv-matrix">
  <rows>5</rows>
  <cols>1</cols>
  <dt>d</dt>
  <data>
    -4.5557526883519289e-01 2.8964053920274940e-01 0. 0.
    -1.1732353191879920e-01</data></distortion_coefficients>
<avg_reprojection_error>9.3172094029690744e-01</avg_reprojection_error>
<per_view_reprojection_errors type_id="opencv-matrix">
  <rows>40</rows>
  <cols>1</cols>
  <dt>f</dt>
  <data>
    1.21750927e+00 1.18712699e+00 9.92619872e-01 9.37646747e-01
    8.50130022e-01 8.17260861e-01 9.71373856e-01 1.07782805e+00
    6.90249026e-01 6.79240704e-01 8.59946609e-01 1.02738249e+00
    5.64763129e-01 1.42819178e+00 5.97747803e-01 7.21482992e-01
    6.53257728e-01 6.34027898e-01 7.16968715e-01 9.20453548e-01
    1.07901084e+00 1.73312378e+00 1.43068755e+00 1.38592708e+00
    1.67123401e+00 8.30412090e-01 1.15523934e+00 5.01175344e-01
    8.53694439e-01 3.41781139e-01 5.17087758e-01 5.97694457e-01
    6.04670942e-01 6.42430246e-01 5.54501474e-01 4.99700963e-01
    8.87754858e-01 7.03576684e-01 5.54889739e-01 8.43803823e-01</data></per_view_reprojection_errors>
<!-- a set of 6-tuples (rotation vector + translation vector) for each view -->
<extrinsic_parameters type_id="opencv-matrix">
  <rows>40</rows>
  <cols>6</cols>
  <dt>d</dt>
  <data>
    8.6591427560819181e-02 1.7932296232934177e+00 2.5559569714329227e+00
    1.3791074939130061e+02 1.1180644073650781e+02 3.8132426487813075e+02
    -4.3113553928371830e-02 -1.8641947643674472e+00
    -2.5228120017145219e+00 9.1503060703187458e+01
    1.2695152357359521e+02 3.6737404090418102e+02
    -3.9306777934595627e-01 -1.5724086461493982e+00
    -2.6280766675923175e+00 -9.4837969887820606e+00
    1.5380027353358412e+02 4.2489598177019184e+02
    -2.9504643083258031e-01 -1.2701383667490498e+00
    -2.8772164406403262e+00 -7.4029386524278763e+01
    7.1906921826705229e+01 4.7728471330482051e+02 3.4519691726896606e-01
    1.0056397462455611e+00 2.9228542698264088e+00
    -6.6485312919964258e+01 -6.9567120919507150e+00
    5.0495744789580800e+02 3.5457671683758479e-01 8.5799405495492331e-01
    2.9234534185950278e+00 -8.4798926004666470e+01
    -5.1006990271212025e+01 5.0665558146647066e+02
    -3.7020628422320581e-02 -3.9907198837077451e-01
    -2.9483092796953225e+00 1.5964899613792863e+02
    -5.5388617091800016e+00 5.1325087756474068e+02
    -1.5368850835861078e-01 -5.1656699552723551e-01
    -3.0551148741919003e+00 2.1962774299928688e+02
    -7.9321099887495894e+00 5.0662658012588582e+02
    -8.2611891470132343e-02 6.1905086559200972e-01
    2.9179015236835468e+00 2.4599800618336337e+02 4.1968600420834079e-01
    5.7038155091712690e+02 -4.6942055772439747e-02
    3.3130616892813275e-01 3.0453970761908753e+00 2.3761557095868619e+02
    -3.8427513381932625e+00 5.4552714319902816e+02
    -6.7819775905604812e-02 -2.3173787810286386e-01
    -3.0640972543180656e+00 2.9278224497126917e+02
    1.8238772141599577e+02 5.0234379387914885e+02
    -3.9631078040096371e-02 -2.6699489462076881e-01
    -3.0027545072289548e+00 3.2776368276194086e+02
    2.0598368814357480e+02 5.0501674642888253e+02
    -2.1648314855522113e-02 -2.7936884141059931e-01
    -2.9299441400269348e+00 3.7272388002053350e+02
    2.3018982205345739e+02 4.9919709642433537e+02 2.2592886113759686e-01
    3.6528253872553917e-01 3.0855020046198001e+00 2.3879241363127892e+02
    1.6137835036816313e+02 4.6464898286082610e+02 7.2625328565952690e-02
    2.3896199086310674e-01 3.0320228266245750e+00 4.2520156927465841e+01
    1.1567931364660757e+02 5.1781842312892059e+02 5.5477642404304410e-02
    2.9147456398694616e-01 2.9592960589536768e+00
    -3.5567098188598479e+01 1.2920971396953942e+02
    5.1149810852431813e+02 6.0877239849770996e-03 2.8736607186563062e-01
    2.9212010364893510e+00 -9.1281710697266703e+01
    1.5134705883581989e+02 5.1187988098128648e+02
    -5.4280130639651751e-02 3.1740305601318669e-01
    2.9128578151629201e+00 -1.3637712403781268e+02
    1.4729721890954320e+02 5.0352252345856419e+02
    -1.1659796248803118e-01 1.8444234533406939e-01
    2.9792317196973457e+00 -1.4218197302668040e+02
    -2.2638298727215442e+01 4.9284281559106239e+02
    -1.2430149664631171e-01 1.2336509580896625e-01
    2.9966456345148278e+00 -1.2107037100715014e+02
    -5.1638652869810812e+01 4.9215707503321556e+02
    -1.7024269495873029e-01 1.6079155563396141e-01
    3.1220468578166867e+00 -3.4544006006112490e+01
    -3.5252713800581532e+01 5.0355514638732819e+02
    4.1330066010577128e-02 -2.5160452932239546e-01
    -3.0056814436024766e+00 8.9089970862721856e+01
    7.8304984781774806e+01 4.5334683798900403e+02 1.3109623666289523e-02
    -3.4987420644793293e-01 -2.8851795470662429e+00
    1.6705285646308687e+02 1.4164979794448232e+02 4.0352770423234489e+02
    -1.6809084255746046e-01 -3.0448334918284559e-01
    -2.9185110182817442e+00 2.6831194411809770e+02
    8.7922815234312765e+01 3.6276972761433177e+02 5.0633507402487399e-02
    3.9263189812055121e-01 2.9774942680293792e+00 4.3827774480729033e+01
    9.2956410806955283e+00 3.6103328252416418e+02
    -1.9683562918437397e-02 3.4144362184362387e-01
    3.0155355184049952e+00 -5.9543784810732696e+01
    7.1035761496667149e+01 4.0730821684210929e+02
    -1.0401544987191149e-02 1.4050170498097861e-01
    3.0954201480241399e+00 -3.5385877646489725e+01
    1.0523095737921423e+02 4.3908171851914551e+02
    -1.5828157794638049e-02 -4.4999569146819418e-01
    -3.0937732532010385e+00 8.4661526970282935e+01
    1.6885618911312343e+02 6.6253972025799521e+02 2.4186597749212970e-02
    -7.5028092876568631e-01 -2.9832867182362603e+00
    1.6482280538922683e+02 2.1444319236206564e+02 7.2000019655288338e+02
    -1.1182793413063220e-01 -6.0179565222826259e-01
    -2.9135891443294328e+00 3.1227602711077679e+02
    2.4140018249695225e+02 7.1079954408425044e+02
    -3.1983321999031328e-01 -4.1759112944180715e-01
    -3.0629173357084292e+00 4.2665852468196414e+02
    1.4635335183291417e+01 6.5225877912360227e+02 4.1362505700144991e-01
    4.6195764629286018e-01 3.0541020430304555e+00 4.4102664384201529e+02
    -5.8864667884131698e+01 6.2197648116037590e+02
    2.9848371141978591e-01 4.3905909617691652e-01 2.8655944698497704e+00
    1.5525131641792757e+02 -6.4338658541579235e+01
    6.3789352026511040e+02 -4.4783446913322082e-02
    4.3448936048722048e-01 3.0574294348252011e+00
    -4.7728676148678524e+01 8.0568252193096814e+00
    6.5465861806370788e+02 -2.1221712549249549e-02
    3.8424828812031947e-01 2.9573871656356592e+00
    -1.4991102145793661e+02 1.0771164215446229e+01
    6.2147298071806836e+02 -1.9444366867834945e-01
    4.8819758402380464e-01 3.0586891733054640e+00
    -1.8309255608662454e+02 1.3659926291911606e+02
    6.0805434405246911e+02 2.3830838070137961e-01
    -4.1876598765251644e-01 -3.0141832099635018e+00
    -1.5759267742450234e+02 1.9922021837226168e+02
    6.0113078007332899e+02 1.0349257066881414e-01
    -4.5247535082367796e-01 -2.9393298690233385e+00
    6.0061636881079622e+01 1.9637537342068956e+02 6.3483883446857908e+02
    1.1209746910040071e-01 -4.5970830099209536e-01
    -2.8326387024890898e+00 1.3482098515315292e+02
    2.2667737307562095e+02 6.3575372457647700e+02
    -1.3466420639751367e-01 -3.4267535868180421e-01
    -3.0159356468479563e+00 2.9067250026023311e+02
