<?xml version="1.0"?>
<opencv_storage>
<calibration_time>"2024年03月21日 12時52分19秒"</calibration_time>
<nr_of_frames>40</nr_of_frames>
<image_width>1280</image_width>
<image_height>720</image_height>
<board_width>9</board_width>
<board_height>6</board_height>
<square_size>27.</square_size>
<fix_aspect_ratio>1.</fix_aspect_ratio>
<!-- flags: +fix_aspectRatio +fix_principal_point +zero_tangent_dist +fix_k4 +fix_k5 -->
<flags>6158</flags>
<fisheye_model>0</fisheye_model>
<camera_matrix type_id="opencv-matrix">
  <rows>3</rows>
  <cols>3</cols>
  <dt>d</dt>
  <data>
    6.9259523926830832e+02 0. 6.3950000000000000e+02 0.
    6.9259523926830832e+02 3.5950000000000000e+02 0. 0. 1.</data></camera_matrix>
<distortion_coefficients type_id="opencv-matrix">
  <rows>5</rows>
  <cols>1</cols>
  <dt>d</dt>
  <data>
    -2.2144822961380034e-01 4.6519849787293586e-02 0. 0.
    -1.0177536595549113e-03</data></distortion_coefficients>
<avg_reprojection_error>7.2140493544938011e-01</avg_reprojection_error>
<per_view_reprojection_errors type_id="opencv-matrix">
  <rows>40</rows>
  <cols>1</cols>
  <dt>f</dt>
  <data>
    7.07157254e-01 8.02721381e-01 6.93906903e-01 6.88780546e-01
    6.41572833e-01 6.44215107e-01 6.11456454e-01 5.84592462e-01
    6.22220874e-01 6.62766635e-01 5.63959181e-01 5.29409349e-01
    5.00547111e-01 4.91633803e-01 4.97084379e-01 4.97482747e-01
    4.79359627e-01 4.97666746e-01 6.19864225e-01 5.32962978e-01
    5.47636986e-01 5.81109345e-01 5.33749163e-01 5.80702603e-01
    8.37262511e-01 7.47608423e-01 8.38033020e-01 8.39107037e-01
    8.45375836e-01 7.32738018e-01 1.02102959e+00 8.27020764e-01
    8.42465281e-01 9.17141199e-01 1.03858113e+00 9.38281417e-01
    1.06878197e+00 8.11971009e-01 7.90444314e-01 8.81309390e-01</data></per_view_reprojection_errors>
<!-- a set of 6-tuples (rotation vector + translation vector) for each view -->
<extrinsic_parameters type_id="opencv-matrix">
  <rows>40</rows>
  <cols>6</cols>
  <dt>d</dt>
  <data>
    3.4251364362346784e-02 1.2572171334956294e-02 1.6177020730648201e-01
    -1.5572351411142728e+02 -1.8291271819463566e+02
    3.7925161365756327e+02 6.3803100709920610e-02 2.1896920919694470e-02
    4.6183641956504831e-02 -1.6104024803990191e+02
    -1.8191529433613630e+02 3.7520353036520703e+02
    6.6715875482504738e-02 4.4000459661120726e-02 5.0496519045720521e-02
    -1.6424396209424557e+02 -1.8633126471144607e+02
    3.8477432220041419e+02 8.7076515732622095e-02 5.2020447032086525e-02
    8.3424281142078324e-02 -1.8019317908792726e+02
    -2.1569657796259054e+02 3.8546330125175263e+02
    1.1816823844837758e-01 1.3074131737379761e-02
    -6.5606049686400936e-02 -2.5926230895022672e+02
    -1.2759014997206047e+02 3.8088094295700461e+02
    1.1729436764469015e-01 1.4089819452719487e-02
    -7.0069081774878708e-02 -2.5831552947723458e+02
    -1.2397391054845529e+02 3.8092760784618457e+02
    1.1834326858240163e-01 1.1042711359575135e-02
    -6.7354044920322598e-02 -2.6219981591185706e+02
    -1.2237661159247298e+02 3.7845967407242574e+02
    1.1782243602736366e-01 2.9144814306801890e-03
    -2.9145456687406771e-02 -2.9488403631155705e+02
    -1.1659027853031748e+02 3.7452811877002028e+02
    1.2096617903842269e-01 1.1824329956433561e-02
    -5.9448147551522720e-03 -3.0643504520802037e+02
    -1.1492546882738327e+02 3.7530723990621044e+02
    1.0622790357182711e-01 9.9534812109526929e-03
    -6.9033707554999107e-03 -3.0568323333610158e+02
    -1.1520875536983399e+02 3.7420756570056483e+02
    1.2202416405014288e-01 3.0661208675906463e-03
    -8.2364270265153396e-03 -3.0623893470651035e+02
    -1.1930822845521735e+02 3.7071881680893534e+02
    1.4811341844923831e-01 -3.6414645415149124e-03
    -2.7034453161774222e-02 -3.0643928765845004e+02
    -7.6606669274646478e+01 3.7637462832875713e+02
    1.5432178473521199e-01 -8.5142612368149968e-03
    -3.3316981728932181e-02 -3.0726691811120622e+02
    -5.6664423366812919e+01 3.7361612829905317e+02
    1.5840861015884233e-01 -8.7663663029488997e-03
    -3.4421876169041583e-02 -3.0809915624660101e+02
    -4.5142198955559110e+01 3.7243273584379875e+02
    1.6554869412293780e-01 -2.1422575455682862e-02
    -1.0068935106946215e-02 -3.2057486819005862e+02
    -4.1306245861426156e+01 3.6569428520582306e+02
    1.6190023101131923e-01 -2.3214109129986508e-02
    -1.3606755784719805e-02 -3.1917072114452515e+02
    -3.0726256424580257e+01 3.6371868608855652e+02
    1.6341286514184725e-01 -2.6602879637605943e-02
    -2.3744015450826415e-02 -3.1760228291883709e+02
    -2.0175788397686276e+01 3.6229278144531293e+02
    1.5380030792296878e-01 -2.9597476438225381e-02
    -3.4905870577155280e-02 -3.1624074548201554e+02
    -2.9844647396421795e+00 3.5866036368263423e+02
    1.2971411212902512e-01 -1.3568870857198915e-02
    -8.2400732390565640e-02 -1.7769467987274231e+02
    -2.4620728873839703e+01 3.5907863729729536e+02
    1.2682387458196479e-01 8.2583267794547020e-03
    -7.3623990346397827e-02 -1.8090330299531450e+02
    -2.6094365989405699e+01 3.6984537124324078e+02
    1.2570770944079468e-01 1.4561843479671243e-02
    -6.5674515445116252e-02 -1.8317819682553650e+02
    -3.8250397698438512e+01 3.7432810059303586e+02
    1.3449571265161459e-01 -2.2180895354430787e-03
    -1.2951658459227486e-01 -1.2753446121359504e+02
    -3.8825687908213730e+01 3.7269571087395650e+02
    1.1510874671553756e-01 8.1776274166546633e-04
    -1.9415222445520497e-01 -8.2583853273083960e+01
    -3.7412498902694857e+01 3.7412845109588568e+02
    1.1623696279421553e-01 6.7733421011990022e-03
    -1.9667405654476686e-01 -6.4701519791872926e+01
    -5.1544272412750622e+01 3.7694860728967791e+02
    1.2461579224102021e-01 2.7534514551036119e-02
    -2.2869885908371712e-01 -5.6023703685643810e+01
    -1.0219024542593284e+02 3.8383941397000387e+02
    9.9122307438963955e-02 2.8201217705012424e-02
    -7.6418244535684989e-03 1.0731188847814519e+01
    -2.0705692095068557e+01 3.5073970130984969e+02
    7.8833272125781034e-02 6.3799293731710255e-02
    -1.7702560110013515e-01 1.1731728257419429e+02
    -4.2691018253770771e+01 3.4702501950740844e+02
    7.1416857040794063e-02 6.9332972093329018e-02
    -1.6943427148903162e-01 1.1758593222669340e+02
    -3.9174701905025927e+01 3.4555080217718751e+02
    7.6734156767002695e-02 5.2002054844125588e-02
    -1.7275466731514053e-01 1.1192827156197436e+02
    -4.2311308596412701e+01 3.4579423100229235e+02
    5.3413112360021907e-02 4.6070630254119713e-02
    -2.1948365616923915e-01 1.0513607490673131e+02
    -6.4868468347030444e+01 3.4667516422437018e+02
    4.0722127752483628e-02 8.4200701466720124e-02
    -9.7326658247698483e-02 1.2777673148654321e+02
    -4.7514699703900627e+00 3.3943671810371478e+02
    -4.4905413091441124e-02 4.1622055557839752e-02
    -1.5447458319417134e-01 9.0132969293481040e+01
    -1.0372895171313517e+02 3.2400467625186502e+02
    -5.3819280159788194e-02 4.4050649007548077e-02
    -1.4984832351779470e-01 9.1595576232872247e+01
    -9.9932486274712559e+01 3.2137097887294323e+02
    -6.6425889246920541e-02 5.4585220469886224e-02
    -1.2621778655209062e-01 8.2791051997992014e+01
    -9.4547987815332107e+01 3.1735517795671217e+02
    -7.3928621840158554e-02 5.3131011616166166e-02
    -8.3257698407762232e-02 5.9932430805949991e+01
    -8.6521260473361167e+01 3.1307801990373963e+02
    -6.5324693964759664e-02 1.0263252506486065e-02
    -3.3484300567821347e-02 1.0476523800393045e+01
    -8.6754807771152343e+01 3.1509711612509244e+02
    -5.6341482434265920e-02 1.3840396315966050e-02
    2.1425235618562594e-02 -1.6881356231464522e+01
    -7.7263196325042259e+01 3.1024714991216422e+02
    -6.2807487391940586e-02 2.8730640115804802e-02
    7.3820585161524954e-02 -2.3714019016473735e+01
    -6.1861257935332212e+01 3.0752799487574407e+02
    -6.6110053740828914e-02 4.5902028627477671e-02
    1.2515461638616218e-01 -3.7336822605013353e+01
    -5.6051971860630097e+01 3.0640141344143484e+02
    -5.4502093819323395e-02 6.3429569306957909e-02
