<?xml version="1.0"?>
<opencv_storage>
<calibration_time>"2023年12月01日 09時16分22秒"</calibration_time>
<nr_of_frames>40</nr_of_frames>
<image_width>1280</image_width>
<image_height>720</image_height>
<board_width>9</board_width>
<board_height>6</board_height>
<square_size>27.</square_size>
<fix_aspect_ratio>1.</fix_aspect_ratio>
<!-- flags: +fix_aspectRatio +fix_principal_point +zero_tangent_dist +fix_k4 +fix_k5 -->
<flags>6158</flags>
<fisheye_model>0</fisheye_model>
<camera_matrix type_id="opencv-matrix">
  <rows>3</rows>
  <cols>3</cols>
  <dt>d</dt>
  <data>
    9.2875561748107441e+02 0. 6.3950000000000000e+02 0.
    9.2875561748107441e+02 3.5950000000000000e+02 0. 0. 1.</data></camera_matrix>
<distortion_coefficients type_id="opencv-matrix">
  <rows>5</rows>
  <cols>1</cols>
  <dt>d</dt>
  <data>
    -3.7422791872298194e-01 1.5971537222957966e-01 0. 0.
    -3.2620039433633501e-02</data></distortion_coefficients>
<avg_reprojection_error>1.2272941010772418e+00</avg_reprojection_error>
<per_view_reprojection_errors type_id="opencv-matrix">
  <rows>40</rows>
  <cols>1</cols>
  <dt>f</dt>
  <data>
    8.86181533e-01 1.13682020e+00 1.14906979e+00 1.06507778e+00
    8.34845662e-01 8.81524861e-01 1.38359511e+00 8.08294952e-01
    1.36101973e+00 2.32772589e+00 1.52792966e+00 1.25521970e+00
    1.39408243e+00 1.64403141e+00 1.22077048e+00 1.14798605e+00
    1.06389081e+00 1.38460279e+00 9.77646887e-01 1.20460820e+00
    9.26783383e-01 9.58470702e-01 9.59134340e-01 1.03328085e+00
    1.30880702e+00 1.03999162e+00 1.06818986e+00 1.60742104e+00
    1.23172820e+00 8.16869736e-01 6.38121247e-01 7.10842311e-01
    1.65823126e+00 1.69189394e+00 8.50503445e-01 2.48392391e+00
    4.58523959e-01 4.44317430e-01 8.08849871e-01 7.97393441e-01</data></per_view_reprojection_errors>
<!-- a set of 6-tuples (rotation vector + translation vector) for each view -->
<extrinsic_parameters type_id="opencv-matrix">
  <rows>40</rows>
  <cols>6</cols>
  <dt>d</dt>
  <data>
    5.2403984675457406e-02 5.0843426234575473e-01 3.0420563199680166e+00
    1.1024860779039984e+02 5.5552491900119570e+01 3.5848151363828674e+02
    1.4336770059468409e-01 5.7527619064636926e-01 3.0465627094351682e+00
    1.1456132280999958e+02 7.9434396698086289e+01 3.4782901211503167e+02
    4.6409890125511577e-01 7.4145091249452366e-01 2.9917810601292647e+00
    1.0952566385203282e+02 1.0600790139519630e+02 3.1416057966194109e+02
    5.4360068796380168e-01 6.5275564278608478e-01 2.9536699067686496e+00
    5.1107671139415913e+01 8.1103492184616840e+01 3.1469740465979379e+02
    5.0952709182001965e-01 6.1574257313311243e-01 2.9788144377687815e+00
    -2.0419552117157941e+01 7.3675777755631231e+01
    3.1130231866709374e+02 4.1539055703409072e-01 5.5454746623850371e-01
    2.9749654722185466e+00 -5.1934110784323920e+01
    7.6578147586310379e+01 3.1190625167961485e+02 2.3896452106667129e-01
    2.6682399207234153e-01 3.0916923286301734e+00
    -5.2354574321031244e+01 1.3708798709876785e+02
    3.3513939070203719e+02 7.8741551175208466e-02
    -6.0709550490314831e-02 3.0831625785694525e+00
    -1.5184132258616662e+01 7.3058428463153689e+01
    3.7409979860694676e+02 8.3024403129120281e-02
    -6.5916476976285165e-02 3.0483080014383170e+00
    -8.6042460512314256e-01 1.4438182131015211e+02
    3.8209314728837910e+02 7.8883963420037215e-02 5.5865289536425597e-02
    3.1105863402554004e+00 1.3807411430089829e+02 1.4091311121354642e+02
    3.6526688749527619e+02 -7.1830468772962314e-02
    -1.4424888637260586e-01 -3.0735887031791771e+00
    2.2008704860847993e+02 1.5403821317673260e+02 3.6444150739252331e+02
    -9.7740415506891359e-02 -1.3960412186972765e-01
    -3.0360753686583504e+00 2.5131660475496454e+02
    1.5519474627324459e+02 3.5919972184277896e+02
    -1.1596910242276781e-01 -1.2234865188304041e-01
    -3.0265454880157154e+00 2.6434747284571887e+02
    1.5468269778873517e+02 3.6100911396464289e+02
    -1.1713709350959599e-01 -1.9030702659681076e-01
    -3.0749271275485759e+00 2.7990455939265865e+02
    9.9075281616058376e+01 3.6932856831009286e+02
    -1.4308429557529023e-01 -2.7917349612091974e-01
    -3.0555137447611505e+00 3.0830963519762474e+02
    7.9182025725969794e+01 3.6744618534884802e+02
    -1.1979743902144130e-01 -2.7934917151511068e-01
    -3.0481695853332123e+00 3.0141656182633272e+02
    2.5426047502078195e+01 3.7157431450531419e+02
    -1.0762601522654743e-01 -3.4207921184769596e-01
    -3.0790810418447427e+00 2.9553541552126831e+02
    1.3241399875517645e+01 3.6821888705674945e+02
    -1.7477882172532155e-01 -3.4374015290875720e-01
    -3.0749894224780929e+00 2.6141265375417714e+02
    -1.0919704005819261e+01 3.7014702048614549e+02
    2.1098276292884247e-01 3.5003634906943126e-01 3.1197358886754984e+00
    1.9864196179631116e+02 -2.8110565235504414e+01
    3.6655454224105540e+02 2.0102136930346329e-01 3.5653036549386991e-01
    3.1076860211125030e+00 1.1989207099647930e+02
    -1.4693677439158257e+01 3.6305040268855385e+02
    9.2171630014838510e-02 4.1517216064557511e-01 3.0618049874873199e+00
    1.9936963714093924e+01 2.8340078090640741e+00 3.6597879499337245e+02
    -3.6612327421311473e-03 4.4592665497607986e-01
    3.0874069044231880e+00 -6.3410191662957214e+00
    -1.0394415984054573e+01 3.6200719512092360e+02
    -1.5526037854393644e-02 4.3963894966586459e-01
    3.0721439582158729e+00 -4.9548381951792408e+01
    -2.5586792185565827e+01 3.5490060940101984e+02
    -5.3792247279389437e-02 4.7083569925690305e-01
    3.0597131210795911e+00 -6.8039722840444824e+01
    -9.3805502733665307e+00 3.7018949451669562e+02
    -1.6614982524400146e-03 3.9611827161403657e-01
    3.0884485675582285e+00 -3.5898865172269169e+01
    6.1885130865642473e+01 3.7538817531784599e+02
    -9.5995223938743178e-03 3.9288723292947503e-01
    3.0531159362209381e+00 4.8877538925095600e+01 4.4405211337876793e+01
    3.6614834751756689e+02 9.6298840566074568e-04 4.0329146907467128e-01
    3.0910572609123914e+00 9.2744374209960228e+01 4.2499008034036990e+01
    3.6735805578699933e+02 3.3751163929778591e-03
    -4.1490819879910662e-01 -3.0902365855530038e+00
    1.3789409676744535e+02 4.4323769108286939e+01 3.7202286341945398e+02
    7.1720096263185498e-02 2.3399332203071418e-01 3.1196620623915714e+00
    1.3269176614108721e+02 6.8300568246274509e+01 4.1797500470726379e+02
    1.1754566210097775e-01 1.3319692964207097e-01 3.1259780073668932e+00
    1.6259536989660444e+02 1.2930345314881511e+00 4.2462294517283095e+02
    -1.0939241114419469e-01 -1.3206264113134816e-01
    -3.0686282852791646e+00 2.1629303491330015e+02
    4.0800854967582119e+01 4.1549144577308533e+02
    -1.3358495228019621e-01 -1.2151905866177992e-01
    -3.0636683773069562e+00 2.3595301377269232e+02
    5.6299614021751715e+01 4.0736287050485032e+02
    -1.7944757893319546e-01 -2.0563638410475518e-01
    -3.0456271734736524e+00 2.2579390999975351e+02
    1.4157719894387307e+02 4.0187585848810272e+02
    -1.5268640208132528e-01 -3.4249731289700436e-01
    -3.0509479797296404e+00 1.9267117308061972e+02
    4.5413296240594143e+01 4.0765163505964586e+02 1.3707808575079136e-01
    3.2044190424013214e-01 3.0988009131650514e+00 3.7044075342979667e+01
    6.5189413596945442e+01 4.0392265044109314e+02 5.7698744323866180e-02
    2.8539446835325022e-01 3.0824938316490620e+00 6.1109552915991642e+01
    9.9610564237991198e+01 4.2088613240891522e+02 1.1258112821880700e-01
    4.1013206255585288e-01 3.1051743992777245e+00 1.5993247223438735e+02
    4.0932066352986112e+01 6.6488606973758101e+02
    -1.2779418511618415e-01 -3.6705551659251240e-01
    -3.0134298707265401e+00 3.2179681809578989e+02
    1.1073291031112547e+02 6.2037166903507853e+02
    -2.1256889622736821e-01 -2.4302682700321068e-01
    -3.0143491429831499e+00 3.5806282880156670e+02
    1.6805546319397237e+02 5.9192635756629306e+02 6.5330264874609217e-02
    2.6356045376578729e-01 3.1003923138051483e+00 5.2333946870640048e+01
