<?xml version="1.0"?>
<opencv_storage>
<calibration_time>"2024年01月23日 09時42分07秒"</calibration_time>
<nr_of_frames>40</nr_of_frames>
<image_width>1280</image_width>
<image_height>720</image_height>
<board_width>9</board_width>
<board_height>6</board_height>
<square_size>27.</square_size>
<fix_aspect_ratio>1.</fix_aspect_ratio>
<!-- flags: +fix_aspectRatio +fix_principal_point +zero_tangent_dist +fix_k4 +fix_k5 -->
<flags>6158</flags>
<fisheye_model>0</fisheye_model>
<camera_matrix type_id="opencv-matrix">
  <rows>3</rows>
  <cols>3</cols>
  <dt>d</dt>
  <data>
    9.9337353116146664e+02 0. 6.3950000000000000e+02 0.
    9.9337353116146664e+02 3.5950000000000000e+02 0. 0. 1.</data></camera_matrix>
<distortion_coefficients type_id="opencv-matrix">
  <rows>5</rows>
  <cols>1</cols>
  <dt>d</dt>
  <data>
    -5.0219966746892641e-01 4.1516905657297976e-01 0. 0.
    -2.0908395413743308e-01</data></distortion_coefficients>
<avg_reprojection_error>1.4236803526710420e+00</avg_reprojection_error>
<per_view_reprojection_errors type_id="opencv-matrix">
  <rows>40</rows>
  <cols>1</cols>
  <dt>f</dt>
  <data>
    1.48074722e+00 3.53686476e+00 2.54929757e+00 9.37686801e-01
    8.12344790e-01 8.89767945e-01 1.14483249e+00 1.07342851e+00
    9.11158979e-01 1.04070902e+00 1.02689219e+00 8.68787348e-01
    8.28250587e-01 9.84423101e-01 1.29122162e+00 1.27464378e+00
    9.03556705e-01 2.61406851e+00 1.18521631e+00 1.05820620e+00
    2.30984116e+00 1.88351953e+00 1.38378358e+00 1.41970599e+00
    1.11058605e+00 1.10540795e+00 1.17972875e+00 1.37109160e+00
    1.93543577e+00 1.88144112e+00 1.03668690e+00 1.07722759e+00
    9.20143127e-01 1.10337162e+00 9.20874715e-01 8.41372311e-01
    9.94252682e-01 1.00991368e+00 1.01599860e+00 1.23044205e+00</data></per_view_reprojection_errors>
<!-- a set of 6-tuples (rotation vector + translation vector) for each view -->
<extrinsic_parameters type_id="opencv-matrix">
  <rows>40</rows>
  <cols>6</cols>
  <dt>d</dt>
  <data>
    8.5245894897699917e-02 5.0403502088733187e-01 3.0288395454233421e+00
    1.3861469961772886e+02 2.3495970937420125e+01 3.6300654014961606e+02
    -5.6960510441745849e-01 -6.4897466642393498e-01
    -2.9678684688205097e+00 1.7548175492922360e+02
    7.1665801218462349e+01 3.1534060962700619e+02
    -3.8484995444234549e-01 -4.8559289062610189e-01
    -3.0667192719302503e+00 1.2076929751569017e+02
    7.6883904816378958e+01 3.4383396581532469e+02 3.0280673123020641e-01
    7.2291622149497847e-01 2.9998083886471716e+00 4.9373785769639111e+00
    1.1949869234742697e+02 3.8375021843442357e+02 1.1736234677848871e-01
    8.2439357411565573e-01 2.9929437174902707e+00
    -2.5970012210211298e+01 7.4673971627488797e+01
    4.0265591574719531e+02 -5.3302130699010410e-03
    -7.8666524648858804e-01 -3.0285892326481498e+00
    -1.9943560799516320e+01 -4.4242463121252760e+00
    4.0101874141705252e+02 2.7006750698165466e-01
    -7.5039281165770710e-01 -2.8764356344761230e+00
    5.3450331529492530e+01 2.2576465719907958e+01 3.9920768226740080e+02
    3.7973303775952444e-01 -7.3228001774650764e-01
    -2.7543852082468829e+00 1.5918813302462007e+02
    1.0548877569152202e+02 3.8883540671805002e+02 3.3280310578355016e-01
    -6.8791759063771385e-01 -2.7038127132387362e+00
    1.9871022492350420e+02 9.5699075247411017e+01 3.9892030286279982e+02
    1.5575200913821238e-01 -5.9275936102145288e-01
    -2.7105923315937330e+00 2.6778454571288177e+02
    5.4149175557071992e+01 3.8434158057839403e+02
    -9.7280032607998793e-02 -6.7250629874072765e-01
    -2.9854753827430285e+00 2.5082728577047061e+02
    8.4189482352701688e+01 3.7830018053957241e+02
    -2.5868118501820075e-01 -6.2013639418824140e-01
    -2.9628506026764394e+00 2.7253535913770389e+02
    4.7548420475039606e+01 3.7366909758386572e+02
    -2.9460639098819408e-01 -5.7499664112206861e-01
    -2.9642449044499930e+00 2.7230164075731500e+02
    2.5691686379217550e+01 3.6895950519397064e+02 2.9016462878055860e-01
    5.6547192880700381e-01 3.0475268804634736e+00 1.5672691614202634e+02
    5.8824551247558192e+00 3.8704372916206648e+02 2.6494330196796473e-01
    5.1098784998976521e-01 2.9843939660017189e+00 8.0064810928493088e+01
    1.0271129636076200e+01 3.8779755302528963e+02 1.1548845110358672e-02
    5.9584162872421076e-01 2.9501567262287960e+00
    -4.3201851764771746e+01 3.2021476813240952e+01
    3.8652208594801033e+02 -3.8959847058742003e-02
    -7.3613536594085649e-01 -2.9601262226466591e+00
    7.4841726100861877e+01 1.4942914966730326e+01 4.0850867999655929e+02
    2.5813996476066409e-01 -5.0067286656612878e-02
    3.1007789172830194e+00 6.2640196078380441e+01 3.0372211427583817e+01
    3.5265107325956239e+02 2.9115053274487940e-01
    -5.1167839108954549e-01 3.0061220584042903e+00
    1.3487358256274769e+02 9.8934852785077723e+01 3.7643917807450157e+02
    -7.2685936637155932e-03 4.0324343489957359e-01
    -3.0582116149286853e+00 1.9767717147235157e+02
    1.2861831980460624e+02 3.3307052402051249e+02 9.1899009143225296e-02
    1.1896909449885523e-01 -3.0551687362992408e+00
    2.0832434555055366e+02 1.1133711579561412e+02 3.1791312283726000e+02
    2.1625636960829794e-02 -2.1836077747643762e-01
    -3.0410987495109612e+00 2.1073917911351845e+02
    9.2258601672712189e+01 3.0594669450285761e+02
    -8.8782924653559470e-02 -4.5792483856721011e-01
    -2.9714543256700128e+00 2.3012767186191590e+02
    9.1998373398123448e+01 3.0036869218516125e+02
    -3.0852492814750243e-01 -5.7343852801304585e-01
    -3.0176269150862707e+00 1.7418227480562467e+02
    3.7732302579420633e+01 2.9870269339680908e+02 3.6443897562819222e-01
    6.1642867925497791e-01 3.0507518913645302e+00 8.0762923701403309e+01
    3.6329026190057895e+01 3.1488716158242698e+02
    -7.0736305138230759e-02 -6.6383586765060465e-01
    -3.0633834613085180e+00 4.8457429740721212e+00
    2.1916087669877843e+01 3.3707125369950330e+02 3.0636532777256954e-02
    -6.5318163780946159e-01 -3.0243273286988441e+00
    -5.5227850618698859e+00 3.5155731740704357e+00
    3.4079820096905502e+02 -1.1222482897737265e-01
    4.8006342647903494e-01 3.0690554440777382e+00 2.8962097939181390e+01
    5.3188024988661091e+01 3.2875193317973913e+02
    -7.8357809724273975e-02 5.8158270949750468e-01
    3.0832252054162459e+00 4.7326277591971234e+01 8.8495586052156597e+01
    3.4013789651013275e+02 9.4841136384682612e-02
    -6.1627902436816628e-01 -3.0143927857465451e+00
    1.4701574608278537e+02 8.5896658583269470e+01 3.4512834815432791e+02
    1.4878889590500531e-02 -6.4857616803193785e-01
    -2.9332705491487672e+00 1.9810697649139743e+02
    1.1380541466933806e+02 3.4573444966961307e+02 3.4291929496280127e-02
    -6.6232997694891249e-01 -2.9074020288645248e+00
    2.1241163243678426e+02 1.1732563808201020e+02 3.4587235407942728e+02
    5.3478344687888667e-02 -7.0407719753759879e-01
    -2.9500827558930491e+00 2.2197689886342633e+02
    7.8362190846173107e+01 3.6136593055260522e+02 8.1481527148929228e-02
    -6.5198551212658251e-01 -3.0129136133234971e+00
    2.1643786192911480e+02 3.7268103976026815e+01 3.8229444272774521e+02
    7.1107517861247971e-02 -6.6753844764911485e-01
    -2.9739052113400435e+00 2.4780980596986140e+02
    2.6680691027005132e+01 3.8337248166785423e+02
    -7.1883856966231275e-03 -7.0168752752691310e-01
    -3.0253893418278448e+00 2.0895357208347116e+02
    3.7301479926850284e+01 3.9353475788581557e+02
    -8.0673551578943056e-02 6.5702573142252674e-01
    2.9762424472529290e+00 8.6032986810311954e+01 2.4067384813589818e+00
    4.1072215052979550e+02 -7.7713664252325607e-02
    6.7411558767997115e-01 3.0103694594552781e+00 4.8525191382834777e+01
    3.2674467010301131e+00 4.0192681544638594e+02 1.6004759618927621e-02
    6.0038300399740152e-01 3.0724866553757257e+00 5.5000342760017077e+01
    7.0154349318334823e+01 3.8527130972906787e+02
    -5.0515755532189011e-02 -4.6176889425214751e-01
    -3.0942905647141838e+00 5.8376160290608794e+01
