<?xml version="1.0"?>
<opencv_storage>
<calibration_time>"2024年03月20日 13時03分08秒"</calibration_time>
<nr_of_frames>40</nr_of_frames>
<image_width>1280</image_width>
<image_height>720</image_height>
<board_width>9</board_width>
<board_height>6</board_height>
<square_size>27.</square_size>
<fix_aspect_ratio>1.</fix_aspect_ratio>
<!-- flags: +fix_aspectRatio +fix_principal_point +zero_tangent_dist +fix_k4 +fix_k5 -->
<flags>6158</flags>
<fisheye_model>0</fisheye_model>
<camera_matrix type_id="opencv-matrix">
  <rows>3</rows>
  <cols>3</cols>
  <dt>d</dt>
  <data>
    9.7992451947124880e+02 0. 6.3950000000000000e+02 0.
    9.7992451947124880e+02 3.5950000000000000e+02 0. 0. 1.</data></camera_matrix>
<distortion_coefficients type_id="opencv-matrix">
  <rows>5</rows>
  <cols>1</cols>
  <dt>d</dt>
  <data>
    -5.1340467416768021e-01 8.7669034603902463e-01 0. 0.
    -1.6469847033279474e+00</data></distortion_coefficients>
<avg_reprojection_error>7.9294174192096412e-01</avg_reprojection_error>
<per_view_reprojection_errors type_id="opencv-matrix">
  <rows>40</rows>
  <cols>1</cols>
  <dt>f</dt>
  <data>
    1.52157748e+00 1.23775864e+00 7.25098073e-01 6.73798561e-01
    5.66246629e-01 4.97942746e-01 6.69508338e-01 5.11294067e-01
    6.11112714e-01 5.89293897e-01 5.18246949e-01 5.56662560e-01
    5.48253179e-01 8.83388221e-01 1.29701960e+00 7.22896218e-01
    5.90445936e-01 5.21616578e-01 5.21270156e-01 5.81249297e-01
    7.05863953e-01 7.46988237e-01 7.79953837e-01 7.77507067e-01
    9.28467393e-01 8.54320705e-01 8.50555301e-01 7.23380029e-01
    7.83558667e-01 8.18107903e-01 8.22805107e-01 7.03934550e-01
    6.90871596e-01 1.20755041e+00 1.26034594e+00 6.64721549e-01
    6.74506605e-01 6.51086688e-01 6.30744874e-01 6.50928974e-01</data></per_view_reprojection_errors>
<!-- a set of 6-tuples (rotation vector + translation vector) for each view -->
<extrinsic_parameters type_id="opencv-matrix">
  <rows>40</rows>
  <cols>6</cols>
  <dt>d</dt>
  <data>
    3.7005655182885699e-01 -2.2664218941213332e-03
    7.7447189524665519e-02 -8.3243557774688256e+01
    -1.3258438093083603e+02 3.9730454005815869e+02
    3.7867335623527060e-01 1.4709711289714378e-02 1.0612901409677235e-01
    -9.3060425664738560e+01 -1.3985623964612375e+02
    3.9503161385163401e+02 -2.7744075748718514e-02
    2.8738489171882747e-02 1.1020884405686991e-01
    -9.9027730054402156e+01 -1.3641808604805266e+02
    5.1945608704337997e+02 -5.1068275417134656e-02
    3.1009043163347277e-02 1.1692653097440131e-01
    -9.5584916918581527e+01 -1.3407902491748365e+02
    5.2103527595136040e+02 -1.2879713613346874e-01
    2.2817676340392640e-02 1.4611775899089133e-01
    -9.5519007853223329e+01 -8.8432645248923038e+01
    5.2009143334290604e+02 -1.2188270550495277e-01
    2.2471268801995896e-02 1.3810454949502513e-01
    -9.3604396730062476e+01 -9.3137020366885992e+01
    5.1907703114374920e+02 -1.1997427679868851e-01
    2.6769614853755973e-02 1.3446839227995028e-01
    -8.5168572764623178e+01 -8.6891593556831921e+01
    5.1379666050978233e+02 -1.1015095642972504e-01
    -1.3189715049180986e-03 1.2551383566684446e-01
    -7.3541132338888019e+01 -8.6575900972116756e+01
    5.0611154510041848e+02 -9.7840664360044433e-02
    -3.9530163753859905e-02 1.0411650825300875e-01
    -4.4421284396724609e+01 -7.3580376669029818e+01
    4.9321146416866640e+02 -8.4956014008072789e-02
    -9.8862717545730436e-02 2.6992502715741787e-02
    -9.3737193730805188e+00 -5.8339870223653790e+01
    4.8194494742934086e+02 -7.1940728300454407e-02
    -7.5870080499666134e-02 4.0702814191947947e-02
    -1.7114604619911582e+01 -6.6267776026336904e+01
    4.8415792928341756e+02 -6.0717623347383294e-02
    -6.3207806013224691e-02 4.4601614200281248e-02
    -2.0433304255963847e+01 -6.6637272283809935e+01
    4.8582964720072852e+02 -3.8830463738454189e-02
    -6.7462444333747235e-02 4.7474835814937097e-02
    -1.8329086772086153e+01 -5.9291528542555902e+01
    4.8394129703319754e+02 -1.9867490411653584e-02
    -8.1006479758516464e-02 4.4605824688878984e-02
    -1.2782458471936307e+01 -4.1433105369238248e+01
    4.7584741747301950e+02 1.8772871957312302e-02
    -8.8468171167315715e-02 4.0053005397720512e-02
    -9.5425428313192739e+00 -3.5999224003281178e+01
    4.6804166934361155e+02 -2.1924839512224521e-02
    -5.1301295794421685e-02 1.1321970845757371e-02
    -9.1471556588604237e+00 -5.3858621663473237e+01
    4.7257304063209733e+02 -3.9933153745651984e-02
    -2.7976197754323862e-02 4.3187977438593234e-02
    -2.7932780585205567e+01 -5.8101386056587124e+01
    4.9001501461843463e+02 -4.4027398125521942e-02
    -1.7795436723846022e-03 7.3550149003993731e-02
    -5.0916733938474209e+01 -5.9299714949498693e+01
    4.9564244787455397e+02 -3.2838367528700188e-02
    3.5273715982043950e-02 7.8820169862606107e-02
    -7.4916421269192384e+01 -6.0521465520588158e+01
    5.0480927049607612e+02 -3.8352236353635188e-02
    6.9214895204940827e-02 9.8466771116387145e-02
    -1.0026691208348998e+02 -6.1201566518113111e+01
    5.0734567865839870e+02 -4.2874498376240092e-02
    8.8749231104027201e-02 1.3378865403397663e-01
    -1.3589675152580799e+02 -6.4703186429784921e+01
    5.0663853280141308e+02 -3.0674179687818704e-02
    1.5405453612773948e-01 2.0544077200201158e-01
    -1.8066407034387151e+02 -7.1065136818069661e+01
    5.1766226713861988e+02 -2.7616865360063289e-02
    1.6263561600799717e-01 2.3183419165010849e-01
    -1.8199613835442784e+02 -7.4098467879352398e+01
    5.1870779378730356e+02 -2.9344956900110710e-02
    1.5435529934069503e-01 2.4629063260552897e-01
    -1.8523913528264760e+02 -7.6046498626881686e+01
    5.1709016835432521e+02 -3.2635216617784797e-02
    1.4025683724498342e-01 3.1060720282534421e-01
    -1.8908189586981894e+02 -7.3251629507446097e+01
    5.1557685551336442e+02 -7.6118826919727517e-02
    1.3159165887031601e-01 4.3603957947207916e-01
    -1.7087685639401039e+02 -7.5607400585674938e+01
    5.1674568065265385e+02 -5.6772732807026258e-02
    1.4207227110122539e-01 4.1525563726615378e-01
    -1.7289313598759551e+02 -8.0253936275647717e+01
    5.1938056855215325e+02 8.4643677177347026e-02 8.7178984898488410e-02
    5.7019238621281915e-02 -1.9934288742607373e+02
    -8.1034182567796094e+01 5.0756709502068827e+02
    1.7397455851222787e-01 7.2041476077550515e-02
    -1.2634139330160671e-01 -1.9306345090792405e+02
    -6.6399806239137902e+01 5.0251994210567932e+02
    2.0195486120824638e-01 -8.4451057796507533e-03
    -2.7374500948856684e-01 -1.4042539470622003e+02
    -5.2045781312846735e+01 4.8533495784097835e+02
    2.1309504645955990e-01 -2.5768408191088450e-02
    -2.7357865554567856e-01 -1.3860244914517023e+02
    -4.8074722092193767e+01 4.8299036226994792e+02
    2.0752606367878801e-01 -4.3725814126969749e-02
    -3.0251106374288350e-01 -1.1953227403523738e+02
    -4.1308419165071207e+01 4.7607691755196595e+02
    1.8441127709173188e-01 -9.2342086632521581e-02
    -2.9956313465608908e-01 -1.0551983607789711e+02
    -3.5794542046796032e+01 4.6208672820991490e+02
    1.0912691229414205e-01 -3.5084461715084231e-01
    -4.7979602916632523e-02 -1.9065888015854713e+02
    -2.1247589715533710e+01 4.0453464976766458e+02
    1.7951398106930197e-01 -3.2938414053321673e-02
    9.4570173658160450e-02 -5.1972660456078295e+01
    -6.2043456118567569e+01 4.4369556797844706e+02
    1.9241110916009208e-01 -2.4967265119059608e-02
    9.7906550318407573e-02 -5.2679131087806368e+01
    -6.4778746416705175e+01 4.4398807894535366e+02
    1.9828350432600278e-01 -2.4029851324463117e-02
    9.6518755793148878e-02 -5.0652462345903231e+01
    -6.6291691126483428e+01 4.4679048137880847e+02
    1.8594952090241129e-01 -3.3606024153495902e-02
    9.0763379969370062e-02 -4.4142059004303867e+01
    -5.6565879941930447e+01 4.4543057633680394e+02
    1.8163635934190978e-01 -4.2512902487049427e-02
    7.3265365025257670e-02 -3.4576670015630604e+01
    -4.6271782785116827e+01 4.4564899578375059e+02
